[[0.03199536353349686, 0.009298709221184254, 0.001224573003128171, 0.0004387104418128729, 1.1741400385290035e-06, 3.968824913158642e-08, 2.244262775619177e-09, 1.0406610018165452e-09, 1.001311922266268e-09, 1.0000474892635225e-09, 1.000001303985698e-09, 9.999999717180685e-10, 9.999999717180685e-10, 9.999999717180685e-10, 9.999999717180685e-10, 9.999999717180685e-10, 9.999999717180685e-10, 9.999999717180685e-10, 9.999999717180685e-10, 9.999999717180685e-10, 9.999999717180685e-10, 9.999999717180685e-10, 9.999999717180685e-10, 9.999999717180685e-10, 9.999999717180685e-10, 9.999999717180685e-10, 9.999999717180685e-10, 9.999999717180685e-10, 9.999999717180685e-10, 9.999999717180685e-10, 9.999999717180685e-10, 9.999999717180685e-10, 9.999999717180685e-10, 9.999999717180685e-10, 9.999999717180685e-10, 9.999999717180685e-10, 9.999999717180685e-10, 9.999999717180685e-10, 9.999999717180685e-10, 9.999999717180685e-10, 9.999999717180685e-10, 9.999999717180685e-10, 9.999999717180685e-10, 9.999999717180685e-10, 9.999999717180685e-10, 9.999999717180685e-10, 9.999999717180685e-10, 9.999999717180685e-10, 9.999999717180685e-10, 9.999999717180685e-10, 9.999999717180685e-10, 9.999999717180685e-10, 9.999999717180685e-10, 9.999999717180685e-10, 9.999999717180685e-10, 9.999999717180685e-10, 9.999999717180685e-10, 9.999999717180685e-10, 9.999999717180685e-10, 9.999999717180685e-10, 9.999999717180685e-10, 9.999999717180685e-10, 9.999999717180685e-10, 9.999999717180685e-10, 9.999999717180685e-10, 9.999999717180685e-10, 9.999999717180685e-10, 9.999999717180685e-10, 9.999999717180685e-10, 9.999999717180685e-10, 9.999999717180685e-10, 9.999999717180685e-10, 9.999999717180685e-10]
[0.009298709221184254, 0.13446003198623657, 0.13169266283512115, 0.04717961326241493, 0.00012616257299669087, 4.161598553764634e-06, 1.348102358633696e-07, 5.37276045875501e-09, 1.141091554579532e-09, 1.0051069976313443e-09, 1.000141969242918e-09, 1.0000039685209572e-09, 1.000000082740371e-09, 9.999999717180685e-10, 9.999999717180685e-10, 9.999999717180685e-10, 9.999999717180685e-10, 9.999999717180685e-10, 9.999999717180685e-10, 9.999999717180685e-10, 9.999999717180685e-10, 9.999999717180685e-10, 9.999999717180685e-10, 9.999999717180685e-10, 9.999999717180685e-10, 9.999999717180685e-10, 9.999999717180685e-10, 9.999999717180685e-10, 9.999999717180685e-10, 9.999999717180685e-10, 9.999999717180685e-10, 9.999999717180685e-10, 9.999999717180685e-10, 9.999999717180685e-10, 9.999999717180685e-10, 9.999999717180685e-10, 9.999999717180685e-10, 9.999999717180685e-10, 9.999999717180685e-10, 9.999999717180685e-10, 9.999999717180685e-10, 9.999999717180685e-10, 9.999999717180685e-10, 9.999999717180685e-10, 9.999999717180685e-10, 9.999999717180685e-10, 9.999999717180685e-10, 9.999999717180685e-10, 9.999999717180685e-10, 9.999999717180685e-10, 9.999999717180685e-10, 9.999999717180685e-10, 9.999999717180685e-10, 9.999999717180685e-10, 9.999999717180685e-10, 9.999999717180685e-10, 9.999999717180685e-10, 9.999999717180685e-10, 9.999999717180685e-10, 9.999999717180685e-10, 9.999999717180685e-10, 9.999999717180685e-10, 9.999999717180685e-10, 9.999999717180685e-10, 9.999999717180685e-10, 9.999999717180685e-10, 9.999999717180685e-10, 9.999999717180685e-10, 9.999999717180685e-10, 9.999999717180685e-10, 9.999999717180685e-10, 9.999999717180685e-10, 9.999999717180685e-10]
[0.001224573003128171, 0.13169266283512115, 0.35400593280792236, 0.35825538635253906, 0.0009580011246725917, 3.159425250487402e-05, 1.0170798532271874e-06, 3.420428740241732e-08, 2.0713701864849554e-09, 1.0387797289013179e-09, 1.0010784423641894e-09, 1.0000303918289433e-09, 1.0000008598964882e-09, 9.999999717180685e-10, 9.999999717180685e-10, 9.999999717180685e-10, 9.999999717180685e-10, 9.999999717180685e-10, 9.999999717180685e-10, 9.999999717180685e-10, 9.999999717180685e-10, 9.999999717180685e-10, 9.999999717180685e-10, 9.999999717180685e-10, 9.999999717180685e-10, 9.999999717180685e-10, 9.999999717180685e-10, 9.999999717180685e-10, 9.999999717180685e-10, 9.999999717180685e-10, 9.999999717180685e-10, 9.999999717180685e-10, 9.999999717180685e-10, 9.999999717180685e-10, 9.999999717180685e-10, 9.999999717180685e-10, 9.999999717180685e-10, 9.999999717180685e-10, 9.999999717180685e-10, 9.999999717180685e-10, 9.999999717180685e-10, 9.999999717180685e-10, 9.999999717180685e-10, 9.999999717180685e-10, 9.999999717180685e-10, 9.999999717180685e-10, 9.999999717180685e-10, 9.999999717180685e-10, 9.999999717180685e-10, 9.999999717180685e-10, 9.999999717180685e-10, 9.999999717180685e-10, 9.999999717180685e-10, 9.999999717180685e-10, 9.999999717180685e-10, 9.999999717180685e-10, 9.999999717180685e-10, 9.999999717180685e-10, 9.999999717180685e-10, 9.999999717180685e-10, 9.999999717180685e-10, 9.999999717180685e-10, 9.999999717180685e-10, 9.999999717180685e-10, 9.999999717180685e-10, 9.999999717180685e-10, 9.999999717180685e-10, 9.999999717180685e-10, 9.999999717180685e-10, 9.999999717180685e-10, 9.999999717180685e-10, 9.999999717180685e-10, 9.999999717180685e-10]
[0.0004387104418128729, 0.04717961326241493, 0.35825538635253906, 0.9644803404808044, 0.002674071816727519, 8.818740752758458e-05, 2.837188958437764e-06, 9.368338993454017e-08, 3.990524355401703e-09, 1.108246383552114e-09, 1.0030103414493396e-09, 1.00008479275715e-09, 1.0000023031864202e-09, 1.000000082740371e-09, 9.999999717180685e-10, 9.999999717180685e-10, 9.999999717180685e-10, 9.999999717180685e-10, 9.999999717180685e-10, 9.999999717180685e-10, 9.999999717180685e-10, 9.999999717180685e-10, 9.999999717180685e-10, 9.999999717180685e-10, 9.999999717180685e-10, 9.999999717180685e-10, 9.999999717180685e-10, 9.999999717180685e-10, 9.999999717180685e-10, 9.999999717180685e-10, 9.999999717180685e-10, 9.999999717180685e-10, 9.999999717180685e-10, 9.999999717180685e-10, 9.999999717180685e-10, 9.999999717180685e-10, 9.999999717180685e-10, 9.999999717180685e-10, 9.999999717180685e-10, 9.999999717180685e-10, 9.999999717180685e-10, 9.999999717180685e-10, 9.999999717180685e-10, 9.999999717180685e-10, 9.999999717180685e-10, 9.999999717180685e-10, 9.999999717180685e-10, 9.999999717180685e-10, 9.999999717180685e-10, 9.999999717180685e-10, 9.999999717180685e-10, 9.999999717180685e-10, 9.999999717180685e-10, 9.999999717180685e-10, 9.999999717180685e-10, 9.999999717180685e-10, 9.999999717180685e-10, 9.999999717180685e-10, 9.999999717180685e-10, 9.999999717180685e-10, 9.999999717180685e-10, 9.999999717180685e-10, 9.999999717180685e-10, 9.999999717180685e-10, 9.999999717180685e-10, 9.999999717180685e-10, 9.999999717180685e-10, 9.999999717180685e-10, 9.999999717180685e-10, 9.999999717180685e-10, 9.999999717180685e-10, 9.999999717180685e-10, 9.999999717180685e-10]
[1.1741400385290035e-06, 0.00012616257299669087, 0.0009580011246725917, 0.002674071816727519, 0.03424886241555214, 0.03297833725810051, 0.001060627051629126, 3.466100315563381e-05, 1.119340367949917e-06, 4.147995014136541e-08, 2.125756459747663e-09, 1.0317289245165284e-09, 1.0008714967923993e-09, 1.0000239525354004e-09, 1.0000006378518833e-09, 9.999999717180685e-10, 9.999999717180685e-10, 9.999999717180685e-10, 9.999999717180685e-10, 9.999999717180685e-10, 9.999999717180685e-10, 9.999999717180685e-10, 9.999999717180685e-10, 9.999999717180685e-10, 9.999999717180685e-10, 9.999999717180685e-10, 9.999999717180685e-10, 9.999999717180685e-10, 9.999999717180685e-10, 9.999999717180685e-10, 9.999999717180685e-10, 9.999999717180685e-10, 9.999999717180685e-10, 9.999999717180685e-10, 9.999999717180685e-10, 9.999999717180685e-10, 9.999999717180685e-10, 9.999999717180685e-10, 9.999999717180685e-10, 9.999999717180685e-10, 9.999999717180685e-10, 9.999999717180685e-10, 9.999999717180685e-10, 9.999999717180685e-10, 9.999999717180685e-10, 9.999999717180685e-10, 9.999999717180685e-10, 9.999999717180685e-10, 9.999999717180685e-10, 9.999999717180685e-10, 9.999999717180685e-10, 9.999999717180685e-10, 9.999999717180685e-10, 9.999999717180685e-10, 9.999999717180685e-10, 9.999999717180685e-10, 9.999999717180685e-10, 9.999999717180685e-10, 9.999999717180685e-10, 9.999999717180685e-10, 9.999999717180685e-10, 9.999999717180685e-10, 9.999999717180685e-10, 9.999999717180685e-10, 9.999999717180685e-10, 9.999999717180685e-10, 9.999999717180685e-10, 9.999999717180685e-10, 9.999999717180685e-10, 9.999999717180685e-10, 9.999999717180685e-10, 9.999999717180685e-10, 9.999999717180685e-10]
[3.968824913158642e-08, 4.161598553764634e-06, 3.159425250487402e-05, 8.818740752758458e-05, 0.03297833725810051, 0.03219516947865486, 0.03216129168868065, 0.0010509940329939127, 3.391236168681644e-05, 1.2284720014577033e-06, 3.513626722906338e-08, 1.962115359077643e-09, 1.0264273875293384e-09, 1.0007276118884079e-09, 1.0000206218663266e-09, 1.0000005268295808e-09, 9.999999717180685e-10, 9.999999717180685e-10, 9.999999717180685e-10, 9.999999717180685e-10, 9.999999717180685e-10, 9.999999717180685e-10, 9.999999717180685e-10, 9.999999717180685e-10, 9.999999717180685e-10, 9.999999717180685e-10, 9.999999717180685e-10, 9.999999717180685e-10, 9.999999717180685e-10, 9.999999717180685e-10, 9.999999717180685e-10, 9.999999717180685e-10, 9.999999717180685e-10, 9.999999717180685e-10, 9.999999717180685e-10, 9.999999717180685e-10, 9.999999717180685e-10, 9.999999717180685e-10, 9.999999717180685e-10, 9.999999717180685e-10, 9.999999717180685e-10, 9.999999717180685e-10, 9.999999717180685e-10, 9.999999717180685e-10, 9.999999717180685e-10, 9.999999717180685e-10, 9.999999717180685e-10, 9.999999717180685e-10, 9.999999717180685e-10, 9.999999717180685e-10, 9.999999717180685e-10, 9.999999717180685e-10, 9.999999717180685e-10, 9.999999717180685e-10, 9.999999717180685e-10, 9.999999717180685e-10, 9.999999717180685e-10, 9.999999717180685e-10, 9.999999717180685e-10, 9.999999717180685e-10, 9.999999717180685e-10, 9.999999717180685e-10, 9.999999717180685e-10, 9.999999717180685e-10, 9.999999717180685e-10, 9.999999717180685e-10, 9.999999717180685e-10, 9.999999717180685e-10, 9.999999717180685e-10, 9.999999717180685e-10, 9.999999717180685e-10, 9.999999717180685e-10, 9.999999717180685e-10]
[2.244262775619177e-09, 1.348102358633696e-07, 1.0170798532271874e-06, 2.837188958437764e-06, 0.001060627051629126, 0.03216129168868065, 0.0326649434864521, 0.03267882019281387, 0.0010544165270403028, 3.8167094317032024e-05, 1.062407477547822e-06, 3.091529876542154e-08, 1.821714445959799e-09, 1.0226258728707194e-09, 1.000641458581697e-09, 1.0000174022195552e-09, 1.0000004158072784e-09, 9.999999717180685e-10, 9.999999717180685e-10, 9.999999717180685e-10, 9.999999717180685e-10, 9.999999717180685e-10, 9.999999717180685e-10, 9.999999717180685e-10, 9.999999717180685e-10, 9.999999717180685e-10, 9.999999717180685e-10, 9.999999717180685e-10, 9.999999717180685e-10, 9.999999717180685e-10, 9.999999717180685e-10, 9.999999717180685e-10, 9.999999717180685e-10, 9.999999717180685e-10, 9.999999717180685e-10, 9.999999717180685e-10, 9.999999717180685e-10, 9.999999717180685e-10, 9.999999717180685e-10, 9.999999717180685e-10, 9.999999717180685e-10, 9.999999717180685e-10, 9.999999717180685e-10, 9.999999717180685e-10, 9.999999717180685e-10, 9.999999717180685e-10, 9.999999717180685e-10, 9.999999717180685e-10, 9.999999717180685e-10, 9.999999717180685e-10, 9.999999717180685e-10, 9.999999717180685e-10, 9.999999717180685e-10, 9.999999717180685e-10, 9.999999717180685e-10, 9.999999717180685e-10, 9.999999717180685e-10, 9.999999717180685e-10, 9.999999717180685e-10, 9.999999717180685e-10, 9.999999717180685e-10, 9.999999717180685e-10, 9.999999717180685e-10, 9.999999717180685e-10, 9.999999717180685e-10, 9.999999717180685e-10, 9.999999717180685e-10, 9.999999717180685e-10, 9.999999717180685e-10, 9.999999717180685e-10, 9.999999717180685e-10, 9.999999717180685e-10, 9.999999717180685e-10]
[1.0406610018165452e-09, 5.37276045875501e-09, 3.420428740241732e-08, 9.368338993454017e-08, 3.466100315563381e-05, 0.0010509940329939127, 0.03267882019281387, 0.03296203538775444, 0.032266028225421906, 0.001167917507700622, 3.24810462188907e-05, 9.164355674329272e-07, 2.6145217546513777e-08, 1.6923740187024805e-09, 1.0196303801279782e-09, 1.000534655126728e-09, 1.0000144046173887e-09, 1.000000304784976e-09, 9.999999717180685e-10, 9.999999717180685e-10, 9.999999717180685e-10, 9.999999717180685e-10, 9.999999717180685e-10, 9.999999717180685e-10, 9.999999717180685e-10, 9.999999717180685e-10, 9.999999717180685e-10, 9.999999717180685e-10, 9.999999717180685e-10, 9.999999717180685e-10, 9.999999717180685e-10, 9.999999717180685e-10, 9.999999717180685e-10, 9.999999717180685e-10, 9.999999717180685e-10, 9.999999717180685e-10, 9.999999717180685e-10, 9.999999717180685e-10, 9.999999717180685e-10, 9.999999717180685e-10, 9.999999717180685e-10, 9.999999717180685e-10, 9.999999717180685e-10, 9.999999717180685e-10, 9.999999717180685e-10, 9.999999717180685e-10, 9.999999717180685e-10, 9.999999717180685e-10, 9.999999717180685e-10, 9.999999717180685e-10, 9.999999717180685e-10, 9.999999717180685e-10, 9.999999717180685e-10, 9.999999717180685e-10, 9.999999717180685e-10, 9.999999717180685e-10, 9.999999717180685e-10, 9.999999717180685e-10, 9.999999717180685e-10, 9.999999717180685e-10, 9.999999717180685e-10, 9.999999717180685e-10, 9.999999717180685e-10, 9.999999717180685e-10, 9.999999717180685e-10, 9.999999717180685e-10, 9.999999717180685e-10, 9.999999717180685e-10, 9.999999717180685e-10, 9.999999717180685e-10, 9.999999717180685e-10, 9.999999717180685e-10, 9.999999717180685e-10]
[1.001311922266268e-09, 1.141091554579532e-09, 2.0713701864849554e-09, 3.990524355401703e-09, 1.119340367949917e-06, 3.391236168681644e-05, 0.0010544165270403028, 0.032266028225421906, 0.03630853444337845, 0.03619646653532982, 0.0010066332761198282, 2.8372507586027496e-05, 7.803095627423318e-07, 2.2458305437567105e-08, 1.6083909759601056e-09, 1.016570050360599e-09, 1.0004483907977146e-09, 1.0000117400821296e-09, 1.000000304784976e-09, 9.999999717180685e-10, 9.999999717180685e-10, 9.999999717180685e-10, 9.999999717180685e-10, 9.999999717180685e-10, 9.999999717180685e-10, 9.999999717180685e-10, 9.999999717180685e-10, 9.999999717180685e-10, 9.999999717180685e-10, 9.999999717180685e-10, 9.999999717180685e-10, 9.999999717180685e-10, 9.999999717180685e-10, 9.999999717180685e-10, 9.999999717180685e-10, 9.999999717180685e-10, 9.999999717180685e-10, 9.999999717180685e-10, 9.999999717180685e-10, 9.999999717180685e-10, 9.999999717180685e-10, 9.999999717180685e-10, 9.999999717180685e-10, 9.999999717180685e-10, 9.999999717180685e-10, 9.999999717180685e-10, 9.999999717180685e-10, 9.999999717180685e-10, 9.999999717180685e-10, 9.999999717180685e-10, 9.999999717180685e-10, 9.999999717180685e-10, 9.999999717180685e-10, 9.999999717180685e-10, 9.999999717180685e-10, 9.999999717180685e-10, 9.999999717180685e-10, 9.999999717180685e-10, 9.999999717180685e-10, 9.999999717180685e-10, 9.999999717180685e-10, 9.999999717180685e-10, 9.999999717180685e-10, 9.999999717180685e-10, 9.999999717180685e-10, 9.999999717180685e-10, 9.999999717180685e-10, 9.999999717180685e-10, 9.999999717180685e-10, 9.999999717180685e-10, 9.999999717180685e-10, 9.999999717180685e-10, 9.999999717180685e-10]
[1.0000474892635225e-09, 1.0051069976313443e-09, 1.0387797289013179e-09, 1.108246383552114e-09, 4.147995014136541e-08, 1.2284720014577033e-06, 3.8167094317032024e-05, 0.001167917507700622, 0.03619646653532982, 0.036098066717386246, 0.02781023643910885, 0.00078382040373981, 2.1530959202209488e-05, 5.938278491157689e-07, 1.7807996854912744e-08, 1.4577823392869504e-09, 1.012387840226836e-09, 1.0003252670642837e-09, 1.0000085204353582e-09, 1.0000001937626735e-09, 9.999999717180685e-10, 9.999999717180685e-10, 9.999999717180685e-10, 9.999999717180685e-10, 9.999999717180685e-10, 9.999999717180685e-10, 9.999999717180685e-10, 9.999999717180685e-10, 9.999999717180685e-10, 9.999999717180685e-10, 9.999999717180685e-10, 9.999999717180685e-10, 9.999999717180685e-10, 9.999999717180685e-10, 9.999999717180685e-10, 9.999999717180685e-10, 9.999999717180685e-10, 9.999999717180685e-10, 9.999999717180685e-10, 9.999999717180685e-10, 9.999999717180685e-10, 9.999999717180685e-10, 9.999999717180685e-10, 9.999999717180685e-10, 9.999999717180685e-10, 9.999999717180685e-10, 9.999999717180685e-10, 9.999999717180685e-10, 9.999999717180685e-10, 9.999999717180685e-10, 9.999999717180685e-10, 9.999999717180685e-10, 9.999999717180685e-10, 9.999999717180685e-10, 9.999999717180685e-10, 9.999999717180685e-10, 9.999999717180685e-10, 9.999999717180685e-10, 9.999999717180685e-10, 9.999999717180685e-10, 9.999999717180685e-10, 9.999999717180685e-10, 9.999999717180685e-10, 9.999999717180685e-10, 9.999999717180685e-10, 9.999999717180685e-10, 9.999999717180685e-10, 9.999999717180685e-10, 9.999999717180685e-10, 9.999999717180685e-10, 9.999999717180685e-10, 9.999999717180685e-10, 9.999999717180685e-10]
[1.000001303985698e-09, 1.000141969242918e-09, 1.0010784423641894e-09, 1.0030103414493396e-09, 2.125756459747663e-09, 3.513626722906338e-08, 1.062407477547822e-06, 3.24810462188907e-05, 0.0010066332761198282, 0.02781023643910885, 0.027834126725792885, 0.028184570372104645, 0.0007741753361187875, 2.1317906430340372e-05, 6.053814445294847e-07, 1.746090916299181e-08, 1.4454404340114024e-09, 1.0116988358177537e-09, 1.0003071704289823e-09, 1.0000085204353582e-09, 1.0000001937626735e-09, 9.999999717180685e-10, 9.999999717180685e-10, 9.999999717180685e-10, 9.999999717180685e-10, 9.999999717180685e-10, 9.999999717180685e-10, 9.999999717180685e-10, 9.999999717180685e-10, 9.999999717180685e-10, 9.999999717180685e-10, 9.999999717180685e-10, 9.999999717180685e-10, 9.999999717180685e-10, 9.999999717180685e-10, 9.999999717180685e-10, 9.999999717180685e-10, 9.999999717180685e-10, 9.999999717180685e-10, 9.999999717180685e-10, 9.999999717180685e-10, 9.999999717180685e-10, 9.999999717180685e-10, 9.999999717180685e-10, 9.999999717180685e-10, 9.999999717180685e-10, 9.999999717180685e-10, 9.999999717180685e-10, 9.999999717180685e-10, 9.999999717180685e-10, 9.999999717180685e-10, 9.999999717180685e-10, 9.999999717180685e-10, 9.999999717180685e-10, 9.999999717180685e-10, 9.999999717180685e-10, 9.999999717180685e-10, 9.999999717180685e-10, 9.999999717180685e-10, 9.999999717180685e-10, 9.999999717180685e-10, 9.999999717180685e-10, 9.999999717180685e-10, 9.999999717180685e-10, 9.999999717180685e-10, 9.999999717180685e-10, 9.999999717180685e-10, 9.999999717180685e-10, 9.999999717180685e-10, 9.999999717180685e-10, 9.999999717180685e-10, 9.999999717180685e-10, 9.999999717180685e-10]
[9.999999717180685e-10, 1.0000039685209572e-09, 1.0000303918289433e-09, 1.00008479275715e-09, 1.0317289245165284e-09, 1.962115359077643e-09, 3.091529876542154e-08, 9.164355674329272e-07, 2.8372507586027496e-05, 0.00078382040373981, 0.028184570372104645, 0.028592051938176155, 0.02746802382171154, 0.0007563339313492179, 2.144471181964036e-05, 5.850400270901446e-07, 1.6804415636784142e-08, 1.4150789429123733e-09, 1.0109001413738383e-09, 1.0003029515814887e-09, 1.0000084094130557e-09, 1.0000001937626735e-09, 9.999999717180685e-10, 9.999999717180685e-10, 9.999999717180685e-10, 9.999999717180685e-10, 9.999999717180685e-10, 9.999999717180685e-10, 9.999999717180685e-10, 9.999999717180685e-10, 9.999999717180685e-10, 9.999999717180685e-10, 9.999999717180685e-10, 9.999999717180685e-10, 9.999999717180685e-10, 9.999999717180685e-10, 9.999999717180685e-10, 9.999999717180685e-10, 9.999999717180685e-10, 9.999999717180685e-10, 9.999999717180685e-10, 9.999999717180685e-10, 9.999999717180685e-10, 9.999999717180685e-10, 9.999999717180685e-10, 9.999999717180685e-10, 9.999999717180685e-10, 9.999999717180685e-10, 9.999999717180685e-10, 9.999999717180685e-10, 9.999999717180685e-10, 9.999999717180685e-10, 9.999999717180685e-10, 9.999999717180685e-10, 9.999999717180685e-10, 9.999999717180685e-10, 9.999999717180685e-10, 9.999999717180685e-10, 9.999999717180685e-10, 9.999999717180685e-10, 9.999999717180685e-10, 9.999999717180685e-10, 9.999999717180685e-10, 9.999999717180685e-10, 9.999999717180685e-10, 9.999999717180685e-10, 9.999999717180685e-10, 9.999999717180685e-10, 9.999999717180685e-10, 9.999999717180685e-10, 9.999999717180685e-10, 9.999999717180685e-10, 9.999999717180685e-10]
[9.999999717180685e-10, 1.000000082740371e-09, 1.0000008598964882e-09, 1.0000023031864202e-09, 1.0008714967923993e-09, 1.0264273875293384e-09, 1.821714445959799e-09, 2.6145217546513777e-08, 7.803095627423318e-07, 2.1530959202209488e-05, 0.0007741753361187875, 0.02746802382171154, 0.026866547763347626, 0.027535028755664825, 0.0007806801004335284, 2.1263555026962422e-05, 5.763753279097727e-07, 1.6111373568605813e-08, 1.3968317613688441e-09, 1.0110304815569293e-09, 1.0003057271390503e-09, 1.0000082983907532e-09, 1.0000001937626735e-09, 9.999999717180685e-10, 9.999999717180685e-10, 9.999999717180685e-10, 9.999999717180685e-10, 9.999999717180685e-10, 9.999999717180685e-10, 9.999999717180685e-10, 9.999999717180685e-10, 9.999999717180685e-10, 9.999999717180685e-10, 9.999999717180685e-10, 9.999999717180685e-10, 9.999999717180685e-10, 9.999999717180685e-10, 9.999999717180685e-10, 9.999999717180685e-10, 9.999999717180685e-10, 9.999999717180685e-10, 9.999999717180685e-10, 9.999999717180685e-10, 9.999999717180685e-10, 9.999999717180685e-10, 9.999999717180685e-10, 9.999999717180685e-10, 9.999999717180685e-10, 9.999999717180685e-10, 9.999999717180685e-10, 9.999999717180685e-10, 9.999999717180685e-10, 9.999999717180685e-10, 9.999999717180685e-10, 9.999999717180685e-10, 9.999999717180685e-10, 9.999999717180685e-10, 9.999999717180685e-10, 9.999999717180685e-10, 9.999999717180685e-10, 9.999999717180685e-10, 9.999999717180685e-10, 9.999999717180685e-10, 9.999999717180685e-10, 9.999999717180685e-10, 9.999999717180685e-10, 9.999999717180685e-10, 9.999999717180685e-10, 9.999999717180685e-10, 9.999999717180685e-10, 9.999999717180685e-10, 9.999999717180685e-10, 9.999999717180685e-10]
[9.999999717180685e-10, 9.999999717180685e-10, 9.999999717180685e-10, 1.000000082740371e-09, 1.0000239525354004e-09, 1.0007276118884079e-09, 1.0226258728707194e-09, 1.6923740187024805e-09, 2.2458305437567105e-08, 5.938278491157689e-07, 2.1317906430340372e-05, 0.0007563339313492179, 0.027535028755664825, 0.028869587928056717, 0.028352219611406326, 0.0007722010486759245, 2.089711051667109e-05, 5.498044970408955e-07, 1.5411865561532068e-08, 1.4005999693367244e-09, 1.0111059767226038e-09, 1.000303950782211e-09, 1.0000085204353582e-09, 1.0000001937626735e-09, 9.999999717180685e-10, 9.999999717180685e-10, 9.999999717180685e-10, 9.999999717180685e-10, 9.999999717180685e-10, 9.999999717180685e-10, 9.999999717180685e-10, 9.999999717180685e-10, 9.999999717180685e-10, 9.999999717180685e-10, 9.999999717180685e-10, 9.999999717180685e-10, 9.999999717180685e-10, 9.999999717180685e-10, 9.999999717180685e-10, 9.999999717180685e-10, 9.999999717180685e-10, 9.999999717180685e-10, 9.999999717180685e-10, 9.999999717180685e-10, 9.999999717180685e-10, 9.999999717180685e-10, 9.999999717180685e-10, 9.999999717180685e-10, 9.999999717180685e-10, 9.999999717180685e-10, 9.999999717180685e-10, 9.999999717180685e-10, 9.999999717180685e-10, 9.999999717180685e-10, 9.999999717180685e-10, 9.999999717180685e-10, 9.999999717180685e-10, 9.999999717180685e-10, 9.999999717180685e-10, 9.999999717180685e-10, 9.999999717180685e-10, 9.999999717180685e-10, 9.999999717180685e-10, 9.999999717180685e-10, 9.999999717180685e-10, 9.999999717180685e-10, 9.999999717180685e-10, 9.999999717180685e-10, 9.999999717180685e-10, 9.999999717180685e-10, 9.999999717180685e-10, 9.999999717180685e-10, 9.999999717180685e-10]
[9.999999717180685e-10, 9.999999717180685e-10, 9.999999717180685e-10, 9.999999717180685e-10, 1.0000006378518833e-09, 1.0000206218663266e-09, 1.000641458581697e-09, 1.0196303801279782e-09, 1.6083909759601056e-09, 1.7807996854912744e-08, 6.053814445294847e-07, 2.144471181964036e-05, 0.0007806801004335284, 0.028352219611406326, 0.027927149087190628, 0.02723596803843975, 0.0007370196981355548, 1.9357674318598583e-05, 5.093158961244626e-07, 1.512942304771059e-08, 1.391714299359137e-09, 1.0107222836452934e-09, 1.0003023964699764e-09, 1.0000085204353582e-09, 1.0000001937626735e-09, 9.999999717180685e-10, 9.999999717180685e-10, 9.999999717180685e-10, 9.999999717180685e-10, 9.999999717180685e-10, 9.999999717180685e-10, 9.999999717180685e-10, 9.999999717180685e-10, 9.999999717180685e-10, 9.999999717180685e-10, 9.999999717180685e-10, 9.999999717180685e-10, 9.999999717180685e-10, 9.999999717180685e-10, 9.999999717180685e-10, 9.999999717180685e-10, 9.999999717180685e-10, 9.999999717180685e-10, 9.999999717180685e-10, 9.999999717180685e-10, 9.999999717180685e-10, 9.999999717180685e-10, 9.999999717180685e-10, 9.999999717180685e-10, 9.999999717180685e-10, 9.999999717180685e-10, 9.999999717180685e-10, 9.999999717180685e-10, 9.999999717180685e-10, 9.999999717180685e-10, 9.999999717180685e-10, 9.999999717180685e-10, 9.999999717180685e-10, 9.999999717180685e-10, 9.999999717180685e-10, 9.999999717180685e-10, 9.999999717180685e-10, 9.999999717180685e-10, 9.999999717180685e-10, 9.999999717180685e-10, 9.999999717180685e-10, 9.999999717180685e-10, 9.999999717180685e-10, 9.999999717180685e-10, 9.999999717180685e-10, 9.999999717180685e-10, 9.999999717180685e-10, 9.999999717180685e-10]
[9.999999717180685e-10, 9.999999717180685e-10, 9.999999717180685e-10, 9.999999717180685e-10, 9.999999717180685e-10, 1.0000005268295808e-09, 1.0000174022195552e-09, 1.000534655126728e-09, 1.016570050360599e-09, 1.4577823392869504e-09, 1.746090916299181e-08, 5.850400270901446e-07, 2.1263555026962422e-05, 0.0007722010486759245, 0.02723596803843975, 0.02708100900053978, 0.027060501277446747, 0.0007107038400135934, 1.866441198217217e-05, 5.197787231736584e-07, 1.5382264351160302e-08, 1.3936812814918653e-09, 1.01110220196432e-09, 1.0003151640347596e-09, 1.0000088535022655e-09, 1.0000001937626735e-09, 9.999999717180685e-10, 9.999999717180685e-10, 9.999999717180685e-10, 9.999999717180685e-10, 9.999999717180685e-10, 9.999999717180685e-10, 9.999999717180685e-10, 9.999999717180685e-10, 9.999999717180685e-10, 9.999999717180685e-10, 9.999999717180685e-10, 9.999999717180685e-10, 9.999999717180685e-10, 9.999999717180685e-10, 9.999999717180685e-10, 9.999999717180685e-10, 9.999999717180685e-10, 9.999999717180685e-10, 9.999999717180685e-10, 9.999999717180685e-10, 9.999999717180685e-10, 9.999999717180685e-10, 9.999999717180685e-10, 9.999999717180685e-10, 9.999999717180685e-10, 9.999999717180685e-10, 9.999999717180685e-10, 9.999999717180685e-10, 9.999999717180685e-10, 9.999999717180685e-10, 9.999999717180685e-10, 9.999999717180685e-10, 9.999999717180685e-10, 9.999999717180685e-10, 9.999999717180685e-10, 9.999999717180685e-10, 9.999999717180685e-10, 9.999999717180685e-10, 9.999999717180685e-10, 9.999999717180685e-10, 9.999999717180685e-10, 9.999999717180685e-10, 9.999999717180685e-10, 9.999999717180685e-10, 9.999999717180685e-10, 9.999999717180685e-10, 9.999999717180685e-10]
[9.999999717180685e-10, 9.999999717180685e-10, 9.999999717180685e-10, 9.999999717180685e-10, 9.999999717180685e-10, 9.999999717180685e-10, 1.0000004158072784e-09, 1.0000144046173887e-09, 1.0004483907977146e-09, 1.012387840226836e-09, 1.4454404340114024e-09, 1.6804415636784142e-08, 5.763753279097727e-07, 2.089711051667109e-05, 0.0007370196981355548, 0.027060501277446747, 0.027334198355674744, 0.026263486593961716, 0.0006896930281072855, 1.9172070096828975e-05, 5.324855010258034e-07, 1.5548190290815e-08, 1.4102752299294252e-09, 1.011649208848553e-09, 1.0003278205772403e-09, 1.0000078543015434e-09, 1.0000001937626735e-09, 9.999999717180685e-10, 9.999999717180685e-10, 9.999999717180685e-10, 9.999999717180685e-10, 9.999999717180685e-10, 9.999999717180685e-10, 9.999999717180685e-10, 9.999999717180685e-10, 9.999999717180685e-10, 9.999999717180685e-10, 9.999999717180685e-10, 9.999999717180685e-10, 9.999999717180685e-10, 9.999999717180685e-10, 9.999999717180685e-10, 9.999999717180685e-10, 9.999999717180685e-10, 9.999999717180685e-10, 9.999999717180685e-10, 9.999999717180685e-10, 9.999999717180685e-10, 9.999999717180685e-10, 9.999999717180685e-10, 9.999999717180685e-10, 9.999999717180685e-10, 9.999999717180685e-10, 9.999999717180685e-10, 9.999999717180685e-10, 9.999999717180685e-10, 9.999999717180685e-10, 9.999999717180685e-10, 9.999999717180685e-10, 9.999999717180685e-10, 9.999999717180685e-10, 9.999999717180685e-10, 9.999999717180685e-10, 9.999999717180685e-10, 9.999999717180685e-10, 9.999999717180685e-10, 9.999999717180685e-10, 9.999999717180685e-10, 9.999999717180685e-10, 9.999999717180685e-10, 9.999999717180685e-10, 9.999999717180685e-10, 9.999999717180685e-10]
[9.999999717180685e-10, 9.999999717180685e-10, 9.999999717180685e-10, 9.999999717180685e-10, 9.999999717180685e-10, 9.999999717180685e-10, 9.999999717180685e-10, 1.000000304784976e-09, 1.0000117400821296e-09, 1.0003252670642837e-09, 1.0116988358177537e-09, 1.4150789429123733e-09, 1.6111373568605813e-08, 5.498044970408955e-07, 1.9357674318598583e-05, 0.0007107038400135934, 0.026263486593961716, 0.02626647800207138, 0.0262604933232069, 0.0007299519493244588, 2.0237677745171823e-05, 5.549328534470988e-07, 1.6621539700167887e-08, 1.4435522777134224e-09, 1.0124844296299784e-09, 1.0003019523807666e-09, 1.000009186569173e-09, 1.0000001937626735e-09, 9.999999717180685e-10, 9.999999717180685e-10, 9.999999717180685e-10, 9.999999717180685e-10, 9.999999717180685e-10, 9.999999717180685e-10, 9.999999717180685e-10, 9.999999717180685e-10, 9.999999717180685e-10, 9.999999717180685e-10, 9.999999717180685e-10, 9.999999717180685e-10, 9.999999717180685e-10, 9.999999717180685e-10, 9.999999717180685e-10, 9.999999717180685e-10, 9.999999717180685e-10, 9.999999717180685e-10, 9.999999717180685e-10, 9.999999717180685e-10, 9.999999717180685e-10, 9.999999717180685e-10, 9.999999717180685e-10, 9.999999717180685e-10, 9.999999717180685e-10, 9.999999717180685e-10, 9.999999717180685e-10, 9.999999717180685e-10, 9.999999717180685e-10, 9.999999717180685e-10, 9.999999717180685e-10, 9.999999717180685e-10, 9.999999717180685e-10, 9.999999717180685e-10, 9.999999717180685e-10, 9.999999717180685e-10, 9.999999717180685e-10, 9.999999717180685e-10, 9.999999717180685e-10, 9.999999717180685e-10, 9.999999717180685e-10, 9.999999717180685e-10, 9.999999717180685e-10, 9.999999717180685e-10, 9.999999717180685e-10]
[9.999999717180685e-10, 9.999999717180685e-10, 9.999999717180685e-10, 9.999999717180685e-10, 9.999999717180685e-10, 9.999999717180685e-10, 9.999999717180685e-10, 9.999999717180685e-10, 1.000000304784976e-09, 1.0000085204353582e-09, 1.0003071704289823e-09, 1.0109001413738383e-09, 1.3968317613688441e-09, 1.5411865561532068e-08, 5.093158961244626e-07, 1.866441198217217e-05, 0.0006896930281072855, 0.0262604933232069, 0.02720523811876774, 0.027796553447842598, 0.0007706138421781361, 2.1094769181217998e-05, 5.958677888884267e-07, 1.7890460668468222e-08, 1.4754085730928068e-09, 1.011501105097068e-09, 1.000352689572992e-09, 1.0000082983907532e-09, 1.0000001937626735e-09, 9.999999717180685e-10, 9.999999717180685e-10, 9.999999717180685e-10, 9.999999717180685e-10, 9.999999717180685e-10, 9.999999717180685e-10, 9.999999717180685e-10, 9.999999717180685e-10, 9.999999717180685e-10, 9.999999717180685e-10, 9.999999717180685e-10, 9.999999717180685e-10, 9.999999717180685e-10, 9.999999717180685e-10, 9.999999717180685e-10, 9.999999717180685e-10, 9.999999717180685e-10, 9.999999717180685e-10, 9.999999717180685e-10, 9.999999717180685e-10, 9.999999717180685e-10, 9.999999717180685e-10, 9.999999717180685e-10, 9.999999717180685e-10, 9.999999717180685e-10, 9.999999717180685e-10, 9.999999717180685e-10, 9.999999717180685e-10, 9.999999717180685e-10, 9.999999717180685e-10, 9.999999717180685e-10, 9.999999717180685e-10, 9.999999717180685e-10, 9.999999717180685e-10, 9.999999717180685e-10, 9.999999717180685e-10, 9.999999717180685e-10, 9.999999717180685e-10, 9.999999717180685e-10, 9.999999717180685e-10, 9.999999717180685e-10, 9.999999717180685e-10, 9.999999717180685e-10, 9.999999717180685e-10]
[9.999999717180685e-10, 9.999999717180685e-10, 9.999999717180685e-10, 9.999999717180685e-10, 9.999999717180685e-10, 9.999999717180685e-10, 9.999999717180685e-10, 9.999999717180685e-10, 9.999999717180685e-10, 1.0000001937626735e-09, 1.0000085204353582e-09, 1.0003029515814887e-09, 1.0110304815569293e-09, 1.4005999693367244e-09, 1.512942304771059e-08, 5.197787231736584e-07, 1.9172070096828975e-05, 0.0007299519493244588, 0.027796553447842598, 0.028747472912073135, 0.02772332727909088, 0.0007588634034618735, 2.1401767298812047e-05, 6.086456210141478e-07, 1.810315808370433e-08, 1.4137612192044458e-09, 1.0126874894211824e-09, 1.0002981776224829e-09, 1.0000071881677286e-09, 1.0000001937626735e-09, 9.999999717180685e-10, 9.999999717180685e-10, 9.999999717180685e-10, 9.999999717180685e-10, 9.999999717180685e-10, 9.999999717180685e-10, 9.999999717180685e-10, 9.999999717180685e-10, 9.999999717180685e-10, 9.999999717180685e-10, 9.999999717180685e-10, 9.999999717180685e-10, 9.999999717180685e-10, 9.999999717180685e-10, 9.999999717180685e-10, 9.999999717180685e-10, 9.999999717180685e-10, 9.999999717180685e-10, 9.999999717180685e-10, 9.999999717180685e-10, 9.999999717180685e-10, 9.999999717180685e-10, 9.999999717180685e-10, 9.999999717180685e-10, 9.999999717180685e-10, 9.999999717180685e-10, 9.999999717180685e-10, 9.999999717180685e-10, 9.999999717180685e-10, 9.999999717180685e-10, 9.999999717180685e-10, 9.999999717180685e-10, 9.999999717180685e-10, 9.999999717180685e-10, 9.999999717180685e-10, 9.999999717180685e-10, 9.999999717180685e-10, 9.999999717180685e-10, 9.999999717180685e-10, 9.999999717180685e-10, 9.999999717180685e-10, 9.999999717180685e-10, 9.999999717180685e-10]
[9.999999717180685e-10, 9.999999717180685e-10, 9.999999717180685e-10, 9.999999717180685e-10, 9.999999717180685e-10, 9.999999717180685e-10, 9.999999717180685e-10, 9.999999717180685e-10, 9.999999717180685e-10, 9.999999717180685e-10, 1.0000001937626735e-09, 1.0000084094130557e-09, 1.0003057271390503e-09, 1.0111059767226038e-09, 1.391714299359137e-09, 1.5382264351160302e-08, 5.324855010258034e-07, 2.0237677745171823e-05, 0.0007706138421781361, 0.02772332727909088, 0.027125664055347443, 0.02737271413207054, 0.0007719421992078424, 2.1919220671406947e-05, 6.179233196235145e-07, 1.592466958300065e-08, 1.4576470031002486e-09, 1.0107548131799149e-09, 1.0002583206158988e-09, 1.0000070771454261e-09, 1.0000001937626735e-09, 9.999999717180685e-10, 9.999999717180685e-10, 9.999999717180685e-10, 9.999999717180685e-10, 9.999999717180685e-10, 9.999999717180685e-10, 9.999999717180685e-10, 9.999999717180685e-10, 9.999999717180685e-10, 9.999999717180685e-10, 9.999999717180685e-10, 9.999999717180685e-10, 9.999999717180685e-10, 9.999999717180685e-10, 9.999999717180685e-10, 9.999999717180685e-10, 9.999999717180685e-10, 9.999999717180685e-10, 9.999999717180685e-10, 9.999999717180685e-10, 9.999999717180685e-10, 9.999999717180685e-10, 9.999999717180685e-10, 9.999999717180685e-10, 9.999999717180685e-10, 9.999999717180685e-10, 9.999999717180685e-10, 9.999999717180685e-10, 9.999999717180685e-10, 9.999999717180685e-10, 9.999999717180685e-10, 9.999999717180685e-10, 9.999999717180685e-10, 9.999999717180685e-10, 9.999999717180685e-10, 9.999999717180685e-10, 9.999999717180685e-10, 9.999999717180685e-10, 9.999999717180685e-10, 9.999999717180685e-10, 9.999999717180685e-10, 9.999999717180685e-10]
[9.999999717180685e-10, 9.999999717180685e-10, 9.999999717180685e-10, 9.999999717180685e-10, 9.999999717180685e-10, 9.999999717180685e-10, 9.999999717180685e-10, 9.999999717180685e-10, 9.999999717180685e-10, 9.999999717180685e-10, 9.999999717180685e-10, 1.0000001937626735e-09, 1.0000082983907532e-09, 1.000303950782211e-09, 1.0107222836452934e-09, 1.3936812814918653e-09, 1.5548190290815e-08, 5.549328534470988e-07, 2.1094769181217998e-05, 0.0007588634034618735, 0.02737271413207054, 0.027719128876924515, 0.02820112556219101, 0.000800733279902488, 2.2538870325661264e-05, 5.46238311471825e-07, 1.7719077760602886e-08, 1.3929041253746277e-09, 1.009437755605802e-09, 1.0002587647051087e-09, 1.0000069661231237e-09, 1.0000001937626735e-09, 9.999999717180685e-10, 9.999999717180685e-10, 9.999999717180685e-10, 9.999999717180685e-10, 9.999999717180685e-10, 9.999999717180685e-10, 9.999999717180685e-10, 9.999999717180685e-10, 9.999999717180685e-10, 9.999999717180685e-10, 9.999999717180685e-10, 9.999999717180685e-10, 9.999999717180685e-10, 9.999999717180685e-10, 9.999999717180685e-10, 9.999999717180685e-10, 9.999999717180685e-10, 9.999999717180685e-10, 9.999999717180685e-10, 9.999999717180685e-10, 9.999999717180685e-10, 9.999999717180685e-10, 9.999999717180685e-10, 9.999999717180685e-10, 9.999999717180685e-10, 9.999999717180685e-10, 9.999999717180685e-10, 9.999999717180685e-10, 9.999999717180685e-10, 9.999999717180685e-10, 9.999999717180685e-10, 9.999999717180685e-10, 9.999999717180685e-10, 9.999999717180685e-10, 9.999999717180685e-10, 9.999999717180685e-10, 9.999999717180685e-10, 9.999999717180685e-10, 9.999999717180685e-10, 9.999999717180685e-10, 9.999999717180685e-10]
[9.999999717180685e-10, 9.999999717180685e-10, 9.999999717180685e-10, 9.999999717180685e-10, 9.999999717180685e-10, 9.999999717180685e-10, 9.999999717180685e-10, 9.999999717180685e-10, 9.999999717180685e-10, 9.999999717180685e-10, 9.999999717180685e-10, 9.999999717180685e-10, 1.0000001937626735e-09, 1.0000085204353582e-09, 1.0003023964699764e-09, 1.01110220196432e-09, 1.4102752299294252e-09, 1.6621539700167887e-08, 5.958677888884267e-07, 2.1401767298812047e-05, 0.0007719421992078424, 0.02820112556219101, 0.028736336156725883, 0.028393633663654327, 0.0007991846068762243, 1.9334927856107242e-05, 5.938510412306641e-07, 1.493219237147514e-08, 1.3346588279006255e-09, 1.0091766311504102e-09, 1.000248994742492e-09, 1.0000061889670064e-09, 1.0000001937626735e-09, 9.999999717180685e-10, 9.999999717180685e-10, 9.999999717180685e-10, 9.999999717180685e-10, 9.999999717180685e-10, 9.999999717180685e-10, 9.999999717180685e-10, 9.999999717180685e-10, 9.999999717180685e-10, 9.999999717180685e-10, 9.999999717180685e-10, 9.999999717180685e-10, 9.999999717180685e-10, 9.999999717180685e-10, 9.999999717180685e-10, 9.999999717180685e-10, 9.999999717180685e-10, 9.999999717180685e-10, 9.999999717180685e-10, 9.999999717180685e-10, 9.999999717180685e-10, 9.999999717180685e-10, 9.999999717180685e-10, 9.999999717180685e-10, 9.999999717180685e-10, 9.999999717180685e-10, 9.999999717180685e-10, 9.999999717180685e-10, 9.999999717180685e-10, 9.999999717180685e-10, 9.999999717180685e-10, 9.999999717180685e-10, 9.999999717180685e-10, 9.999999717180685e-10, 9.999999717180685e-10, 9.999999717180685e-10, 9.999999717180685e-10, 9.999999717180685e-10, 9.999999717180685e-10, 9.999999717180685e-10]
