[[0.0350305549800396, 0.033311307430267334, 0.0003382044960744679, 1.202181647386169e-05, 1.8337955225433689e-06, 3.772246373046073e-07, 2.6057975777149522e-09, 1.0537816175215653e-09, 1.0017783269589131e-09, 1.0000544836685776e-09, 1.0000016370526055e-09, 9.999999717180685e-10, 9.999999717180685e-10, 9.999999717180685e-10, 9.999999717180685e-10, 9.999999717180685e-10, 9.999999717180685e-10, 9.999999717180685e-10, 9.999999717180685e-10, 9.999999717180685e-10, 9.999999717180685e-10, 9.999999717180685e-10, 9.999999717180685e-10, 9.999999717180685e-10, 9.999999717180685e-10, 9.999999717180685e-10, 9.999999717180685e-10, 9.999999717180685e-10, 9.999999717180685e-10, 9.999999717180685e-10, 9.999999717180685e-10, 9.999999717180685e-10, 9.999999717180685e-10, 9.999999717180685e-10, 9.999999717180685e-10, 9.999999717180685e-10, 9.999999717180685e-10, 9.999999717180685e-10, 9.999999717180685e-10, 9.999999717180685e-10, 9.999999717180685e-10, 9.999999717180685e-10, 9.999999717180685e-10, 9.999999717180685e-10, 9.999999717180685e-10, 9.999999717180685e-10, 9.999999717180685e-10, 9.999999717180685e-10, 9.999999717180685e-10, 9.999999717180685e-10, 9.999999717180685e-10, 9.999999717180685e-10, 9.999999717180685e-10, 9.999999717180685e-10, 9.999999717180685e-10, 9.999999717180685e-10, 9.999999717180685e-10, 9.999999717180685e-10, 9.999999717180685e-10, 9.999999717180685e-10, 9.999999717180685e-10, 9.999999717180685e-10, 9.999999717180685e-10, 9.999999717180685e-10, 9.999999717180685e-10, 9.999999717180685e-10, 9.999999717180685e-10, 9.999999717180685e-10, 9.999999717180685e-10, 9.999999717180685e-10, 9.999999717180685e-10, 9.999999717180685e-10, 9.999999717180685e-10]
[0.033311307430267334, 0.03405064344406128, 0.010152813978493214, 0.0003608638944569975, 5.5021220759954304e-05, 1.1295213880657684e-05, 4.920582696854581e-08, 2.6145166032165434e-09, 1.053384268701052e-09, 1.0016361073894586e-09, 1.0000498207318742e-09, 1.0000005268295808e-09, 9.999999717180685e-10, 9.999999717180685e-10, 9.999999717180685e-10, 9.999999717180685e-10, 9.999999717180685e-10, 9.999999717180685e-10, 9.999999717180685e-10, 9.999999717180685e-10, 9.999999717180685e-10, 9.999999717180685e-10, 9.999999717180685e-10, 9.999999717180685e-10, 9.999999717180685e-10, 9.999999717180685e-10, 9.999999717180685e-10, 9.999999717180685e-10, 9.999999717180685e-10, 9.999999717180685e-10, 9.999999717180685e-10, 9.999999717180685e-10, 9.999999717180685e-10, 9.999999717180685e-10, 9.999999717180685e-10, 9.999999717180685e-10, 9.999999717180685e-10, 9.999999717180685e-10, 9.999999717180685e-10, 9.999999717180685e-10, 9.999999717180685e-10, 9.999999717180685e-10, 9.999999717180685e-10, 9.999999717180685e-10, 9.999999717180685e-10, 9.999999717180685e-10, 9.999999717180685e-10, 9.999999717180685e-10, 9.999999717180685e-10, 9.999999717180685e-10, 9.999999717180685e-10, 9.999999717180685e-10, 9.999999717180685e-10, 9.999999717180685e-10, 9.999999717180685e-10, 9.999999717180685e-10, 9.999999717180685e-10, 9.999999717180685e-10, 9.999999717180685e-10, 9.999999717180685e-10, 9.999999717180685e-10, 9.999999717180685e-10, 9.999999717180685e-10, 9.999999717180685e-10, 9.999999717180685e-10, 9.999999717180685e-10, 9.999999717180685e-10, 9.999999717180685e-10, 9.999999717180685e-10, 9.999999717180685e-10, 9.999999717180685e-10, 9.999999717180685e-10, 9.999999717180685e-10]
[0.0003382044960744679, 0.010152813978493214, 0.05614475533366203, 0.03554314374923706, 0.005419212859123945, 0.0011124230222776532, 4.749028903461294e-06, 1.600218269004472e-07, 6.25808249665738e-09, 1.1611549499690454e-09, 1.0049092669106585e-09, 1.0000554828692998e-09, 1.0000009709187907e-09, 1.0000001937626735e-09, 9.999999717180685e-10, 9.999999717180685e-10, 9.999999717180685e-10, 9.999999717180685e-10, 9.999999717180685e-10, 9.999999717180685e-10, 9.999999717180685e-10, 9.999999717180685e-10, 9.999999717180685e-10, 9.999999717180685e-10, 9.999999717180685e-10, 9.999999717180685e-10, 9.999999717180685e-10, 9.999999717180685e-10, 9.999999717180685e-10, 9.999999717180685e-10, 9.999999717180685e-10, 9.999999717180685e-10, 9.999999717180685e-10, 9.999999717180685e-10, 9.999999717180685e-10, 9.999999717180685e-10, 9.999999717180685e-10, 9.999999717180685e-10, 9.999999717180685e-10, 9.999999717180685e-10, 9.999999717180685e-10, 9.999999717180685e-10, 9.999999717180685e-10, 9.999999717180685e-10, 9.999999717180685e-10, 9.999999717180685e-10, 9.999999717180685e-10, 9.999999717180685e-10, 9.999999717180685e-10, 9.999999717180685e-10, 9.999999717180685e-10, 9.999999717180685e-10, 9.999999717180685e-10, 9.999999717180685e-10, 9.999999717180685e-10, 9.999999717180685e-10, 9.999999717180685e-10, 9.999999717180685e-10, 9.999999717180685e-10, 9.999999717180685e-10, 9.999999717180685e-10, 9.999999717180685e-10, 9.999999717180685e-10, 9.999999717180685e-10, 9.999999717180685e-10, 9.999999717180685e-10, 9.999999717180685e-10, 9.999999717180685e-10, 9.999999717180685e-10, 9.999999717180685e-10, 9.999999717180685e-10, 9.999999717180685e-10, 9.999999717180685e-10]
[1.202181647386169e-05, 0.0003608638944569975, 0.03554314374923706, 0.43942368030548096, 0.15246853232383728, 0.031297795474529266, 0.0001335860142717138, 4.475048626773059e-06, 1.489352854378012e-07, 5.5340731996977865e-09, 1.1381233733231966e-09, 1.001561056312994e-09, 1.000029614672826e-09, 1.0000050787439818e-09, 1.0000004158072784e-09, 9.999999717180685e-10, 9.999999717180685e-10, 9.999999717180685e-10, 9.999999717180685e-10, 9.999999717180685e-10, 9.999999717180685e-10, 9.999999717180685e-10, 9.999999717180685e-10, 9.999999717180685e-10, 9.999999717180685e-10, 9.999999717180685e-10, 9.999999717180685e-10, 9.999999717180685e-10, 9.999999717180685e-10, 9.999999717180685e-10, 9.999999717180685e-10, 9.999999717180685e-10, 9.999999717180685e-10, 9.999999717180685e-10, 9.999999717180685e-10, 9.999999717180685e-10, 9.999999717180685e-10, 9.999999717180685e-10, 9.999999717180685e-10, 9.999999717180685e-10, 9.999999717180685e-10, 9.999999717180685e-10, 9.999999717180685e-10, 9.999999717180685e-10, 9.999999717180685e-10, 9.999999717180685e-10, 9.999999717180685e-10, 9.999999717180685e-10, 9.999999717180685e-10, 9.999999717180685e-10, 9.999999717180685e-10, 9.999999717180685e-10, 9.999999717180685e-10, 9.999999717180685e-10, 9.999999717180685e-10, 9.999999717180685e-10, 9.999999717180685e-10, 9.999999717180685e-10, 9.999999717180685e-10, 9.999999717180685e-10, 9.999999717180685e-10, 9.999999717180685e-10, 9.999999717180685e-10, 9.999999717180685e-10, 9.999999717180685e-10, 9.999999717180685e-10, 9.999999717180685e-10, 9.999999717180685e-10, 9.999999717180685e-10, 9.999999717180685e-10, 9.999999717180685e-10, 9.999999717180685e-10, 9.999999717180685e-10]
[1.8337955225433689e-06, 5.5021220759954304e-05, 0.005419212859123945, 0.15246853232383728, 0.2807803750038147, 0.20527376234531403, 0.0008761484641581774, 2.9345059374463744e-05, 9.71267013483157e-07, 3.073774479389613e-08, 1.9059156475265127e-09, 1.0102383374288593e-09, 1.0001944827919829e-09, 1.0000335004534122e-09, 1.00000319136484e-09, 1.000000304784976e-09, 9.999999717180685e-10, 9.999999717180685e-10, 9.999999717180685e-10, 9.999999717180685e-10, 9.999999717180685e-10, 9.999999717180685e-10, 9.999999717180685e-10, 9.999999717180685e-10, 9.999999717180685e-10, 9.999999717180685e-10, 9.999999717180685e-10, 9.999999717180685e-10, 9.999999717180685e-10, 9.999999717180685e-10, 9.999999717180685e-10, 9.999999717180685e-10, 9.999999717180685e-10, 9.999999717180685e-10, 9.999999717180685e-10, 9.999999717180685e-10, 9.999999717180685e-10, 9.999999717180685e-10, 9.999999717180685e-10, 9.999999717180685e-10, 9.999999717180685e-10, 9.999999717180685e-10, 9.999999717180685e-10, 9.999999717180685e-10, 9.999999717180685e-10, 9.999999717180685e-10, 9.999999717180685e-10, 9.999999717180685e-10, 9.999999717180685e-10, 9.999999717180685e-10, 9.999999717180685e-10, 9.999999717180685e-10, 9.999999717180685e-10, 9.999999717180685e-10, 9.999999717180685e-10, 9.999999717180685e-10, 9.999999717180685e-10, 9.999999717180685e-10, 9.999999717180685e-10, 9.999999717180685e-10, 9.999999717180685e-10, 9.999999717180685e-10, 9.999999717180685e-10, 9.999999717180685e-10, 9.999999717180685e-10, 9.999999717180685e-10, 9.999999717180685e-10, 9.999999717180685e-10, 9.999999717180685e-10, 9.999999717180685e-10, 9.999999717180685e-10, 9.999999717180685e-10, 9.999999717180685e-10]
[3.772246373046073e-07, 1.1295213880657684e-05, 0.0011124230222776532, 0.031297795474529266, 0.20527376234531403, 0.1873825490474701, 0.004268191289156675, 0.00014295191795099527, 4.727699888462666e-06, 1.4586863983367948e-07, 5.413197001757908e-09, 1.0498767410993537e-09, 1.0009476580918886e-09, 1.000163285524991e-09, 1.0000155148404133e-09, 1.000001748074908e-09, 1.000000082740371e-09, 9.999999717180685e-10, 9.999999717180685e-10, 9.999999717180685e-10, 9.999999717180685e-10, 9.999999717180685e-10, 9.999999717180685e-10, 9.999999717180685e-10, 9.999999717180685e-10, 9.999999717180685e-10, 9.999999717180685e-10, 9.999999717180685e-10, 9.999999717180685e-10, 9.999999717180685e-10, 9.999999717180685e-10, 9.999999717180685e-10, 9.999999717180685e-10, 9.999999717180685e-10, 9.999999717180685e-10, 9.999999717180685e-10, 9.999999717180685e-10, 9.999999717180685e-10, 9.999999717180685e-10, 9.999999717180685e-10, 9.999999717180685e-10, 9.999999717180685e-10, 9.999999717180685e-10, 9.999999717180685e-10, 9.999999717180685e-10, 9.999999717180685e-10, 9.999999717180685e-10, 9.999999717180685e-10, 9.999999717180685e-10, 9.999999717180685e-10, 9.999999717180685e-10, 9.999999717180685e-10, 9.999999717180685e-10, 9.999999717180685e-10, 9.999999717180685e-10, 9.999999717180685e-10, 9.999999717180685e-10, 9.999999717180685e-10, 9.999999717180685e-10, 9.999999717180685e-10, 9.999999717180685e-10, 9.999999717180685e-10, 9.999999717180685e-10, 9.999999717180685e-10, 9.999999717180685e-10, 9.999999717180685e-10, 9.999999717180685e-10, 9.999999717180685e-10, 9.999999717180685e-10, 9.999999717180685e-10, 9.999999717180685e-10, 9.999999717180685e-10, 9.999999717180685e-10]
[2.6057975777149522e-09, 4.920582696854581e-08, 4.749028903461294e-06, 0.0001335860142717138, 0.0008761484641581774, 0.004268191289156675, 0.034239716827869415, 0.03349216282367706, 0.001107425894588232, 3.394248415133916e-05, 1.0349751846661093e-06, 1.2685696937353441e-08, 1.2220300327214773e-09, 1.0382558146559973e-09, 1.0036469433316597e-09, 1.0004056472112666e-09, 1.00001806835337e-09, 1.0000008598964882e-09, 9.999999717180685e-10, 9.999999717180685e-10, 9.999999717180685e-10, 9.999999717180685e-10, 9.999999717180685e-10, 9.999999717180685e-10, 9.999999717180685e-10, 9.999999717180685e-10, 9.999999717180685e-10, 9.999999717180685e-10, 9.999999717180685e-10, 9.999999717180685e-10, 9.999999717180685e-10, 9.999999717180685e-10, 9.999999717180685e-10, 9.999999717180685e-10, 9.999999717180685e-10, 9.999999717180685e-10, 9.999999717180685e-10, 9.999999717180685e-10, 9.999999717180685e-10, 9.999999717180685e-10, 9.999999717180685e-10, 9.999999717180685e-10, 9.999999717180685e-10, 9.999999717180685e-10, 9.999999717180685e-10, 9.999999717180685e-10, 9.999999717180685e-10, 9.999999717180685e-10, 9.999999717180685e-10, 9.999999717180685e-10, 9.999999717180685e-10, 9.999999717180685e-10, 9.999999717180685e-10, 9.999999717180685e-10, 9.999999717180685e-10, 9.999999717180685e-10, 9.999999717180685e-10, 9.999999717180685e-10, 9.999999717180685e-10, 9.999999717180685e-10, 9.999999717180685e-10, 9.999999717180685e-10, 9.999999717180685e-10, 9.999999717180685e-10, 9.999999717180685e-10, 9.999999717180685e-10, 9.999999717180685e-10, 9.999999717180685e-10, 9.999999717180685e-10, 9.999999717180685e-10, 9.999999717180685e-10, 9.999999717180685e-10, 9.999999717180685e-10]
[1.0537816175215653e-09, 2.6145166032165434e-09, 1.600218269004472e-07, 4.475048626773059e-06, 2.9345059374463744e-05, 0.00014295191795099527, 0.03349216282367706, 0.03332427889108658, 0.03306519240140915, 0.0010134163312613964, 3.087314325966872e-05, 3.4990856079275545e-07, 7.629315845747442e-09, 2.14223305761152e-09, 1.1088907569956064e-09, 1.0121123938944265e-09, 1.000540650331061e-09, 1.0000249517361226e-09, 1.000001526030303e-09, 1.0000001937626735e-09, 9.999999717180685e-10, 9.999999717180685e-10, 9.999999717180685e-10, 9.999999717180685e-10, 9.999999717180685e-10, 9.999999717180685e-10, 9.999999717180685e-10, 9.999999717180685e-10, 9.999999717180685e-10, 9.999999717180685e-10, 9.999999717180685e-10, 9.999999717180685e-10, 9.999999717180685e-10, 9.999999717180685e-10, 9.999999717180685e-10, 9.999999717180685e-10, 9.999999717180685e-10, 9.999999717180685e-10, 9.999999717180685e-10, 9.999999717180685e-10, 9.999999717180685e-10, 9.999999717180685e-10, 9.999999717180685e-10, 9.999999717180685e-10, 9.999999717180685e-10, 9.999999717180685e-10, 9.999999717180685e-10, 9.999999717180685e-10, 9.999999717180685e-10, 9.999999717180685e-10, 9.999999717180685e-10, 9.999999717180685e-10, 9.999999717180685e-10, 9.999999717180685e-10, 9.999999717180685e-10, 9.999999717180685e-10, 9.999999717180685e-10, 9.999999717180685e-10, 9.999999717180685e-10, 9.999999717180685e-10, 9.999999717180685e-10, 9.999999717180685e-10, 9.999999717180685e-10, 9.999999717180685e-10, 9.999999717180685e-10, 9.999999717180685e-10, 9.999999717180685e-10, 9.999999717180685e-10, 9.999999717180685e-10, 9.999999717180685e-10, 9.999999717180685e-10, 9.999999717180685e-10, 9.999999717180685e-10]
[1.0017783269589131e-09, 1.053384268701052e-09, 6.25808249665738e-09, 1.489352854378012e-07, 9.71267013483157e-07, 4.727699888462666e-06, 0.001107425894588232, 0.03306519240140915, 0.03286689519882202, 0.030649013817310333, 0.00093367591034621, 1.0553141692071222e-05, 2.0149228419086285e-07, 3.554491456725373e-08, 4.293217781281555e-09, 1.3663198350499783e-09, 1.016352557670075e-09, 1.0007555895086284e-09, 1.0000458239289856e-09, 1.0000056338554941e-09, 1.0000007488741858e-09, 9.999999717180685e-10, 9.999999717180685e-10, 9.999999717180685e-10, 9.999999717180685e-10, 9.999999717180685e-10, 9.999999717180685e-10, 9.999999717180685e-10, 9.999999717180685e-10, 9.999999717180685e-10, 9.999999717180685e-10, 9.999999717180685e-10, 9.999999717180685e-10, 9.999999717180685e-10, 9.999999717180685e-10, 9.999999717180685e-10, 9.999999717180685e-10, 9.999999717180685e-10, 9.999999717180685e-10, 9.999999717180685e-10, 9.999999717180685e-10, 9.999999717180685e-10, 9.999999717180685e-10, 9.999999717180685e-10, 9.999999717180685e-10, 9.999999717180685e-10, 9.999999717180685e-10, 9.999999717180685e-10, 9.999999717180685e-10, 9.999999717180685e-10, 9.999999717180685e-10, 9.999999717180685e-10, 9.999999717180685e-10, 9.999999717180685e-10, 9.999999717180685e-10, 9.999999717180685e-10, 9.999999717180685e-10, 9.999999717180685e-10, 9.999999717180685e-10, 9.999999717180685e-10, 9.999999717180685e-10, 9.999999717180685e-10, 9.999999717180685e-10, 9.999999717180685e-10, 9.999999717180685e-10, 9.999999717180685e-10, 9.999999717180685e-10, 9.999999717180685e-10, 9.999999717180685e-10, 9.999999717180685e-10, 9.999999717180685e-10, 9.999999717180685e-10, 9.999999717180685e-10]
[1.0000544836685776e-09, 1.0016361073894586e-09, 1.1611549499690454e-09, 5.5340731996977865e-09, 3.073774479389613e-08, 1.4586863983367948e-07, 3.394248415133916e-05, 0.0010134163312613964, 0.030649013817310333, 0.032327063381671906, 0.03046346828341484, 0.00034429083461873233, 6.542559276567772e-06, 1.1281126717221923e-06, 1.084492140535076e-07, 1.2952073191740965e-08, 1.5335445135988834e-09, 1.024652696024475e-09, 1.0014968854221706e-09, 1.0001852679408785e-09, 1.0000261729814497e-09, 1.000000082740371e-09, 9.999999717180685e-10, 9.999999717180685e-10, 9.999999717180685e-10, 9.999999717180685e-10, 9.999999717180685e-10, 9.999999717180685e-10, 9.999999717180685e-10, 9.999999717180685e-10, 9.999999717180685e-10, 9.999999717180685e-10, 9.999999717180685e-10, 9.999999717180685e-10, 9.999999717180685e-10, 9.999999717180685e-10, 9.999999717180685e-10, 9.999999717180685e-10, 9.999999717180685e-10, 9.999999717180685e-10, 9.999999717180685e-10, 9.999999717180685e-10, 9.999999717180685e-10, 9.999999717180685e-10, 9.999999717180685e-10, 9.999999717180685e-10, 9.999999717180685e-10, 9.999999717180685e-10, 9.999999717180685e-10, 9.999999717180685e-10, 9.999999717180685e-10, 9.999999717180685e-10, 9.999999717180685e-10, 9.999999717180685e-10, 9.999999717180685e-10, 9.999999717180685e-10, 9.999999717180685e-10, 9.999999717180685e-10, 9.999999717180685e-10, 9.999999717180685e-10, 9.999999717180685e-10, 9.999999717180685e-10, 9.999999717180685e-10, 9.999999717180685e-10, 9.999999717180685e-10, 9.999999717180685e-10, 9.999999717180685e-10, 9.999999717180685e-10, 9.999999717180685e-10, 9.999999717180685e-10, 9.999999717180685e-10, 9.999999717180685e-10, 9.999999717180685e-10]
[1.0000016370526055e-09, 1.0000498207318742e-09, 1.0049092669106585e-09, 1.1381233733231966e-09, 1.9059156475265127e-09, 5.413197001757908e-09, 1.0349751846661093e-06, 3.087314325966872e-05, 0.00093367591034621, 0.03046346828341484, 0.03350205719470978, 0.011301729828119278, 0.0002147355698980391, 3.699983426486142e-05, 3.5281534565001493e-06, 3.9334159396275936e-07, 1.851429232146984e-08, 1.8092589648688318e-09, 1.0491366664311386e-09, 1.0060829946922922e-09, 1.0008599504729432e-09, 1.0000021921641178e-09, 1.000000082740371e-09, 9.999999717180685e-10, 9.999999717180685e-10, 9.999999717180685e-10, 9.999999717180685e-10, 9.999999717180685e-10, 9.999999717180685e-10, 9.999999717180685e-10, 9.999999717180685e-10, 9.999999717180685e-10, 9.999999717180685e-10, 9.999999717180685e-10, 9.999999717180685e-10, 9.999999717180685e-10, 9.999999717180685e-10, 9.999999717180685e-10, 9.999999717180685e-10, 9.999999717180685e-10, 9.999999717180685e-10, 9.999999717180685e-10, 9.999999717180685e-10, 9.999999717180685e-10, 9.999999717180685e-10, 9.999999717180685e-10, 9.999999717180685e-10, 9.999999717180685e-10, 9.999999717180685e-10, 9.999999717180685e-10, 9.999999717180685e-10, 9.999999717180685e-10, 9.999999717180685e-10, 9.999999717180685e-10, 9.999999717180685e-10, 9.999999717180685e-10, 9.999999717180685e-10, 9.999999717180685e-10, 9.999999717180685e-10, 9.999999717180685e-10, 9.999999717180685e-10, 9.999999717180685e-10, 9.999999717180685e-10, 9.999999717180685e-10, 9.999999717180685e-10, 9.999999717180685e-10, 9.999999717180685e-10, 9.999999717180685e-10, 9.999999717180685e-10, 9.999999717180685e-10, 9.999999717180685e-10, 9.999999717180685e-10, 9.999999717180685e-10]
[9.999999717180685e-10, 1.0000005268295808e-09, 1.0000554828692998e-09, 1.001561056312994e-09, 1.0102383374288593e-09, 1.0498767410993537e-09, 1.2685696937353441e-08, 3.4990856079275545e-07, 1.0553141692071222e-05, 0.00034429083461873233, 0.011301729828119278, 0.04533031955361366, 0.01900014840066433, 0.0032737329602241516, 0.00031209070584736764, 3.4716184018179774e-05, 1.5506986983382376e-06, 7.260473466885742e-08, 5.347711162784208e-09, 1.5382412010822577e-09, 1.0760922153352226e-09, 1.0001945938142853e-09, 1.000006077944704e-09, 1.0000001937626735e-09, 9.999999717180685e-10, 9.999999717180685e-10, 9.999999717180685e-10, 9.999999717180685e-10, 9.999999717180685e-10, 9.999999717180685e-10, 9.999999717180685e-10, 9.999999717180685e-10, 9.999999717180685e-10, 9.999999717180685e-10, 9.999999717180685e-10, 9.999999717180685e-10, 9.999999717180685e-10, 9.999999717180685e-10, 9.999999717180685e-10, 9.999999717180685e-10, 9.999999717180685e-10, 9.999999717180685e-10, 9.999999717180685e-10, 9.999999717180685e-10, 9.999999717180685e-10, 9.999999717180685e-10, 9.999999717180685e-10, 9.999999717180685e-10, 9.999999717180685e-10, 9.999999717180685e-10, 9.999999717180685e-10, 9.999999717180685e-10, 9.999999717180685e-10, 9.999999717180685e-10, 9.999999717180685e-10, 9.999999717180685e-10, 9.999999717180685e-10, 9.999999717180685e-10, 9.999999717180685e-10, 9.999999717180685e-10, 9.999999717180685e-10, 9.999999717180685e-10, 9.999999717180685e-10, 9.999999717180685e-10, 9.999999717180685e-10, 9.999999717180685e-10, 9.999999717180685e-10, 9.999999717180685e-10, 9.999999717180685e-10, 9.999999717180685e-10, 9.999999717180685e-10, 9.999999717180685e-10, 9.999999717180685e-10]
[9.999999717180685e-10, 9.999999717180685e-10, 1.0000009709187907e-09, 1.000029614672826e-09, 1.0001944827919829e-09, 1.0009476580918886e-09, 1.2220300327214773e-09, 7.629315845747442e-09, 2.0149228419086285e-07, 6.542559276567772e-06, 0.0002147355698980391, 0.01900014840066433, 0.17196622490882874, 0.1723003387451172, 0.016425637528300285, 0.0018270995933562517, 8.156336116371676e-05, 3.7696404433518182e-06, 2.2982507630331384e-07, 2.932825893253721e-08, 5.004825442966876e-09, 1.010240890941816e-09, 1.0003223804844197e-09, 1.0000100747475926e-09, 1.000000304784976e-09, 9.999999717180685e-10, 9.999999717180685e-10, 9.999999717180685e-10, 9.999999717180685e-10, 9.999999717180685e-10, 9.999999717180685e-10, 9.999999717180685e-10, 9.999999717180685e-10, 9.999999717180685e-10, 9.999999717180685e-10, 9.999999717180685e-10, 9.999999717180685e-10, 9.999999717180685e-10, 9.999999717180685e-10, 9.999999717180685e-10, 9.999999717180685e-10, 9.999999717180685e-10, 9.999999717180685e-10, 9.999999717180685e-10, 9.999999717180685e-10, 9.999999717180685e-10, 9.999999717180685e-10, 9.999999717180685e-10, 9.999999717180685e-10, 9.999999717180685e-10, 9.999999717180685e-10, 9.999999717180685e-10, 9.999999717180685e-10, 9.999999717180685e-10, 9.999999717180685e-10, 9.999999717180685e-10, 9.999999717180685e-10, 9.999999717180685e-10, 9.999999717180685e-10, 9.999999717180685e-10, 9.999999717180685e-10, 9.999999717180685e-10, 9.999999717180685e-10, 9.999999717180685e-10, 9.999999717180685e-10, 9.999999717180685e-10, 9.999999717180685e-10, 9.999999717180685e-10, 9.999999717180685e-10, 9.999999717180685e-10, 9.999999717180685e-10, 9.999999717180685e-10, 9.999999717180685e-10]
[9.999999717180685e-10, 9.999999717180685e-10, 1.0000001937626735e-09, 1.0000050787439818e-09, 1.0000335004534122e-09, 1.000163285524991e-09, 1.0382558146559973e-09, 2.14223305761152e-09, 3.554491456725373e-08, 1.1281126717221923e-06, 3.699983426486142e-05, 0.0032737329602241516, 0.1723003387451172, 0.17883014678955078, 0.09533143788576126, 0.010604152455925941, 0.000473374268040061, 2.1873511286685243e-05, 1.3290595006765216e-06, 1.6541211778076104e-07, 2.4243286489422644e-08, 1.0594363164528886e-09, 1.0018712526260742e-09, 1.0000588135383737e-09, 1.0000018590972104e-09, 1.000000082740371e-09, 9.999999717180685e-10, 9.999999717180685e-10, 9.999999717180685e-10, 9.999999717180685e-10, 9.999999717180685e-10, 9.999999717180685e-10, 9.999999717180685e-10, 9.999999717180685e-10, 9.999999717180685e-10, 9.999999717180685e-10, 9.999999717180685e-10, 9.999999717180685e-10, 9.999999717180685e-10, 9.999999717180685e-10, 9.999999717180685e-10, 9.999999717180685e-10, 9.999999717180685e-10, 9.999999717180685e-10, 9.999999717180685e-10, 9.999999717180685e-10, 9.999999717180685e-10, 9.999999717180685e-10, 9.999999717180685e-10, 9.999999717180685e-10, 9.999999717180685e-10, 9.999999717180685e-10, 9.999999717180685e-10, 9.999999717180685e-10, 9.999999717180685e-10, 9.999999717180685e-10, 9.999999717180685e-10, 9.999999717180685e-10, 9.999999717180685e-10, 9.999999717180685e-10, 9.999999717180685e-10, 9.999999717180685e-10, 9.999999717180685e-10, 9.999999717180685e-10, 9.999999717180685e-10, 9.999999717180685e-10, 9.999999717180685e-10, 9.999999717180685e-10, 9.999999717180685e-10, 9.999999717180685e-10, 9.999999717180685e-10, 9.999999717180685e-10, 9.999999717180685e-10]
[9.999999717180685e-10, 9.999999717180685e-10, 9.999999717180685e-10, 1.0000004158072784e-09, 1.00000319136484e-09, 1.0000155148404133e-09, 1.0036469433316597e-09, 1.1088907569956064e-09, 4.293217781281555e-09, 1.084492140535076e-07, 3.5281534565001493e-06, 0.00031209070584736764, 0.016425637528300285, 0.09533143788576126, 0.17934530973434448, 0.11123456805944443, 0.004965553991496563, 0.0002294373989570886, 1.393196544086095e-05, 1.7256361388717778e-06, 2.448154248213541e-07, 1.6234698030359596e-09, 1.0196294919495585e-09, 1.0006173667420626e-09, 1.0000202887994192e-09, 1.0000006378518833e-09, 9.999999717180685e-10, 9.999999717180685e-10, 9.999999717180685e-10, 9.999999717180685e-10, 9.999999717180685e-10, 9.999999717180685e-10, 9.999999717180685e-10, 9.999999717180685e-10, 9.999999717180685e-10, 9.999999717180685e-10, 9.999999717180685e-10, 9.999999717180685e-10, 9.999999717180685e-10, 9.999999717180685e-10, 9.999999717180685e-10, 9.999999717180685e-10, 9.999999717180685e-10, 9.999999717180685e-10, 9.999999717180685e-10, 9.999999717180685e-10, 9.999999717180685e-10, 9.999999717180685e-10, 9.999999717180685e-10, 9.999999717180685e-10, 9.999999717180685e-10, 9.999999717180685e-10, 9.999999717180685e-10, 9.999999717180685e-10, 9.999999717180685e-10, 9.999999717180685e-10, 9.999999717180685e-10, 9.999999717180685e-10, 9.999999717180685e-10, 9.999999717180685e-10, 9.999999717180685e-10, 9.999999717180685e-10, 9.999999717180685e-10, 9.999999717180685e-10, 9.999999717180685e-10, 9.999999717180685e-10, 9.999999717180685e-10, 9.999999717180685e-10, 9.999999717180685e-10, 9.999999717180685e-10, 9.999999717180685e-10, 9.999999717180685e-10, 9.999999717180685e-10]
[9.999999717180685e-10, 9.999999717180685e-10, 9.999999717180685e-10, 9.999999717180685e-10, 1.000000304784976e-09, 1.000001748074908e-09, 1.0004056472112666e-09, 1.0121123938944265e-09, 1.3663198350499783e-09, 1.2952073191740965e-08, 3.9334159396275936e-07, 3.4716184018179774e-05, 0.0018270995933562517, 0.010604152455925941, 0.11123456805944443, 0.22051672637462616, 0.044640373438596725, 0.0020626375917345285, 0.00012524047633633018, 1.550549131934531e-05, 2.1929022295807954e-06, 6.604998326054101e-09, 1.1764695884153298e-09, 1.0055499766181697e-09, 1.000182270338712e-09, 1.0000059669224015e-09, 1.0000001937626735e-09, 9.999999717180685e-10, 9.999999717180685e-10, 9.999999717180685e-10, 9.999999717180685e-10, 9.999999717180685e-10, 9.999999717180685e-10, 9.999999717180685e-10, 9.999999717180685e-10, 9.999999717180685e-10, 9.999999717180685e-10, 9.999999717180685e-10, 9.999999717180685e-10, 9.999999717180685e-10, 9.999999717180685e-10, 9.999999717180685e-10, 9.999999717180685e-10, 9.999999717180685e-10, 9.999999717180685e-10, 9.999999717180685e-10, 9.999999717180685e-10, 9.999999717180685e-10, 9.999999717180685e-10, 9.999999717180685e-10, 9.999999717180685e-10, 9.999999717180685e-10, 9.999999717180685e-10, 9.999999717180685e-10, 9.999999717180685e-10, 9.999999717180685e-10, 9.999999717180685e-10, 9.999999717180685e-10, 9.999999717180685e-10, 9.999999717180685e-10, 9.999999717180685e-10, 9.999999717180685e-10, 9.999999717180685e-10, 9.999999717180685e-10, 9.999999717180685e-10, 9.999999717180685e-10, 9.999999717180685e-10, 9.999999717180685e-10, 9.999999717180685e-10, 9.999999717180685e-10, 9.999999717180685e-10, 9.999999717180685e-10, 9.999999717180685e-10]
[9.999999717180685e-10, 9.999999717180685e-10, 9.999999717180685e-10, 9.999999717180685e-10, 9.999999717180685e-10, 1.000000082740371e-09, 1.00001806835337e-09, 1.000540650331061e-09, 1.016352557670075e-09, 1.5335445135988834e-09, 1.851429232146984e-08, 1.5506986983382376e-06, 8.156336116371676e-05, 0.000473374268040061, 0.004965553991496563, 0.044640373438596725, 0.1348324716091156, 0.04620561748743057, 0.002805521013215184, 0.00034732071799226105, 4.9102294724434614e-05, 1.2655870307298756e-07, 4.9531281298698104e-09, 1.1243262987292724e-09, 1.0040844822256645e-09, 1.000133309503326e-09, 1.0000041905655621e-09, 1.000000082740371e-09, 9.999999717180685e-10, 9.999999717180685e-10, 9.999999717180685e-10, 9.999999717180685e-10, 9.999999717180685e-10, 9.999999717180685e-10, 9.999999717180685e-10, 9.999999717180685e-10, 9.999999717180685e-10, 9.999999717180685e-10, 9.999999717180685e-10, 9.999999717180685e-10, 9.999999717180685e-10, 9.999999717180685e-10, 9.999999717180685e-10, 9.999999717180685e-10, 9.999999717180685e-10, 9.999999717180685e-10, 9.999999717180685e-10, 9.999999717180685e-10, 9.999999717180685e-10, 9.999999717180685e-10, 9.999999717180685e-10, 9.999999717180685e-10, 9.999999717180685e-10, 9.999999717180685e-10, 9.999999717180685e-10, 9.999999717180685e-10, 9.999999717180685e-10, 9.999999717180685e-10, 9.999999717180685e-10, 9.999999717180685e-10, 9.999999717180685e-10, 9.999999717180685e-10, 9.999999717180685e-10, 9.999999717180685e-10, 9.999999717180685e-10, 9.999999717180685e-10, 9.999999717180685e-10, 9.999999717180685e-10, 9.999999717180685e-10, 9.999999717180685e-10, 9.999999717180685e-10, 9.999999717180685e-10, 9.999999717180685e-10]
[9.999999717180685e-10, 9.999999717180685e-10, 9.999999717180685e-10, 9.999999717180685e-10, 9.999999717180685e-10, 9.999999717180685e-10, 1.0000008598964882e-09, 1.0000249517361226e-09, 1.0007555895086284e-09, 1.024652696024475e-09, 1.8092589648688318e-09, 7.260473466885742e-08, 3.7696404433518182e-06, 2.1873511286685243e-05, 0.0002294373989570886, 0.0020626375917345285, 0.04620561748743057, 0.19504493474960327, 0.060718171298503876, 0.007516831625252962, 0.001062670606188476, 2.7183923521079123e-06, 8.655527494738635e-08, 3.6907237266348147e-09, 1.0883978163178654e-09, 1.0028847752252545e-09, 1.0000912320506927e-09, 1.000002969320235e-09, 1.000000082740371e-09, 9.999999717180685e-10, 9.999999717180685e-10, 9.999999717180685e-10, 9.999999717180685e-10, 9.999999717180685e-10, 9.999999717180685e-10, 9.999999717180685e-10, 9.999999717180685e-10, 9.999999717180685e-10, 9.999999717180685e-10, 9.999999717180685e-10, 9.999999717180685e-10, 9.999999717180685e-10, 9.999999717180685e-10, 9.999999717180685e-10, 9.999999717180685e-10, 9.999999717180685e-10, 9.999999717180685e-10, 9.999999717180685e-10, 9.999999717180685e-10, 9.999999717180685e-10, 9.999999717180685e-10, 9.999999717180685e-10, 9.999999717180685e-10, 9.999999717180685e-10, 9.999999717180685e-10, 9.999999717180685e-10, 9.999999717180685e-10, 9.999999717180685e-10, 9.999999717180685e-10, 9.999999717180685e-10, 9.999999717180685e-10, 9.999999717180685e-10, 9.999999717180685e-10, 9.999999717180685e-10, 9.999999717180685e-10, 9.999999717180685e-10, 9.999999717180685e-10, 9.999999717180685e-10, 9.999999717180685e-10, 9.999999717180685e-10, 9.999999717180685e-10, 9.999999717180685e-10, 9.999999717180685e-10]
[9.999999717180685e-10, 9.999999717180685e-10, 9.999999717180685e-10, 9.999999717180685e-10, 9.999999717180685e-10, 9.999999717180685e-10, 9.999999717180685e-10, 1.000001526030303e-09, 1.0000458239289856e-09, 1.0014968854221706e-09, 1.0491366664311386e-09, 5.347711162784208e-09, 2.2982507630331384e-07, 1.3290595006765216e-06, 1.393196544086095e-05, 0.00012524047633633018, 0.002805521013215184, 0.060718171298503876, 0.10251379013061523, 0.12379869818687439, 0.017501674592494965, 4.4755164708476514e-05, 1.4100548924034229e-06, 4.5314944685515e-08, 2.455870173889707e-09, 1.047510744811575e-09, 1.001502991648806e-09, 1.0000493766426644e-09, 1.000001303985698e-09, 9.999999717180685e-10, 9.999999717180685e-10, 9.999999717180685e-10, 9.999999717180685e-10, 9.999999717180685e-10, 9.999999717180685e-10, 9.999999717180685e-10, 9.999999717180685e-10, 9.999999717180685e-10, 9.999999717180685e-10, 9.999999717180685e-10, 9.999999717180685e-10, 9.999999717180685e-10, 9.999999717180685e-10, 9.999999717180685e-10, 9.999999717180685e-10, 9.999999717180685e-10, 9.999999717180685e-10, 9.999999717180685e-10, 9.999999717180685e-10, 9.999999717180685e-10, 9.999999717180685e-10, 9.999999717180685e-10, 9.999999717180685e-10, 9.999999717180685e-10, 9.999999717180685e-10, 9.999999717180685e-10, 9.999999717180685e-10, 9.999999717180685e-10, 9.999999717180685e-10, 9.999999717180685e-10, 9.999999717180685e-10, 9.999999717180685e-10, 9.999999717180685e-10, 9.999999717180685e-10, 9.999999717180685e-10, 9.999999717180685e-10, 9.999999717180685e-10, 9.999999717180685e-10, 9.999999717180685e-10, 9.999999717180685e-10, 9.999999717180685e-10, 9.999999717180685e-10, 9.999999717180685e-10]
[9.999999717180685e-10, 9.999999717180685e-10, 9.999999717180685e-10, 9.999999717180685e-10, 9.999999717180685e-10, 9.999999717180685e-10, 9.999999717180685e-10, 1.0000001937626735e-09, 1.0000056338554941e-09, 1.0001852679408785e-09, 1.0060829946922922e-09, 1.5382412010822577e-09, 2.932825893253721e-08, 1.6541211778076104e-07, 1.7256361388717778e-06, 1.550549131934531e-05, 0.00034732071799226105, 0.007516831625252962, 0.12379869818687439, 0.6030529737472534, 0.14137202501296997, 0.00036150854430161417, 1.1382818229321856e-05, 3.5895951100428647e-07, 1.2759975298592963e-08, 1.3837739842870178e-09, 1.0121404825369495e-09, 1.0003987638285139e-09, 1.0000105188368025e-09, 1.000000304784976e-09, 9.999999717180685e-10, 9.999999717180685e-10, 9.999999717180685e-10, 9.999999717180685e-10, 9.999999717180685e-10, 9.999999717180685e-10, 9.999999717180685e-10, 9.999999717180685e-10, 9.999999717180685e-10, 9.999999717180685e-10, 9.999999717180685e-10, 9.999999717180685e-10, 9.999999717180685e-10, 9.999999717180685e-10, 9.999999717180685e-10, 9.999999717180685e-10, 9.999999717180685e-10, 9.999999717180685e-10, 9.999999717180685e-10, 9.999999717180685e-10, 9.999999717180685e-10, 9.999999717180685e-10, 9.999999717180685e-10, 9.999999717180685e-10, 9.999999717180685e-10, 9.999999717180685e-10, 9.999999717180685e-10, 9.999999717180685e-10, 9.999999717180685e-10, 9.999999717180685e-10, 9.999999717180685e-10, 9.999999717180685e-10, 9.999999717180685e-10, 9.999999717180685e-10, 9.999999717180685e-10, 9.999999717180685e-10, 9.999999717180685e-10, 9.999999717180685e-10, 9.999999717180685e-10, 9.999999717180685e-10, 9.999999717180685e-10, 9.999999717180685e-10, 9.999999717180685e-10]
[9.999999717180685e-10, 9.999999717180685e-10, 9.999999717180685e-10, 9.999999717180685e-10, 9.999999717180685e-10, 9.999999717180685e-10, 9.999999717180685e-10, 9.999999717180685e-10, 1.0000007488741858e-09, 1.0000261729814497e-09, 1.0008599504729432e-09, 1.0760922153352226e-09, 5.004825442966876e-09, 2.4243286489422644e-08, 2.448154248213541e-07, 2.1929022295807954e-06, 4.9102294724434614e-05, 0.001062670606188476, 0.017501674592494965, 0.14137202501296997, 0.26498520374298096, 0.0025571370497345924, 8.051071927184239e-05, 2.533038014007616e-06, 8.418454910952278e-08, 3.7146374864960308e-09, 1.0858763888066392e-09, 1.0028209374013386e-09, 1.0000749117722307e-09, 1.0000020811418153e-09, 1.000000082740371e-09, 9.999999717180685e-10, 9.999999717180685e-10, 9.999999717180685e-10, 9.999999717180685e-10, 9.999999717180685e-10, 9.999999717180685e-10, 9.999999717180685e-10, 9.999999717180685e-10, 9.999999717180685e-10, 9.999999717180685e-10, 9.999999717180685e-10, 9.999999717180685e-10, 9.999999717180685e-10, 9.999999717180685e-10, 9.999999717180685e-10, 9.999999717180685e-10, 9.999999717180685e-10, 9.999999717180685e-10, 9.999999717180685e-10, 9.999999717180685e-10, 9.999999717180685e-10, 9.999999717180685e-10, 9.999999717180685e-10, 9.999999717180685e-10, 9.999999717180685e-10, 9.999999717180685e-10, 9.999999717180685e-10, 9.999999717180685e-10, 9.999999717180685e-10, 9.999999717180685e-10, 9.999999717180685e-10, 9.999999717180685e-10, 9.999999717180685e-10, 9.999999717180685e-10, 9.999999717180685e-10, 9.999999717180685e-10, 9.999999717180685e-10, 9.999999717180685e-10, 9.999999717180685e-10, 9.999999717180685e-10, 9.999999717180685e-10, 9.999999717180685e-10]
[9.999999717180685e-10, 9.999999717180685e-10, 9.999999717180685e-10, 9.999999717180685e-10, 9.999999717180685e-10, 9.999999717180685e-10, 9.999999717180685e-10, 9.999999717180685e-10, 9.999999717180685e-10, 1.000000082740371e-09, 1.0000021921641178e-09, 1.0001945938142853e-09, 1.010240890941816e-09, 1.0594363164528886e-09, 1.6234698030359596e-09, 6.604998326054101e-09, 1.2655870307298756e-07, 2.7183923521079123e-06, 4.4755164708476514e-05, 0.00036150854430161417, 0.0025571370497345924, 0.03249790519475937, 0.03148433193564415, 0.0009901865851134062, 3.2531359465792775e-05, 1.0625938102748478e-06, 3.4583070629423673e-08, 2.103176077739022e-09, 1.029311635925012e-09, 1.0008139872397237e-09, 1.0000226202677709e-09, 1.0000006378518833e-09, 9.999999717180685e-10, 9.999999717180685e-10, 9.999999717180685e-10, 9.999999717180685e-10, 9.999999717180685e-10, 9.999999717180685e-10, 9.999999717180685e-10, 9.999999717180685e-10, 9.999999717180685e-10, 9.999999717180685e-10, 9.999999717180685e-10, 9.999999717180685e-10, 9.999999717180685e-10, 9.999999717180685e-10, 9.999999717180685e-10, 9.999999717180685e-10, 9.999999717180685e-10, 9.999999717180685e-10, 9.999999717180685e-10, 9.999999717180685e-10, 9.999999717180685e-10, 9.999999717180685e-10, 9.999999717180685e-10, 9.999999717180685e-10, 9.999999717180685e-10, 9.999999717180685e-10, 9.999999717180685e-10, 9.999999717180685e-10, 9.999999717180685e-10, 9.999999717180685e-10, 9.999999717180685e-10, 9.999999717180685e-10, 9.999999717180685e-10, 9.999999717180685e-10, 9.999999717180685e-10, 9.999999717180685e-10, 9.999999717180685e-10, 9.999999717180685e-10, 9.999999717180685e-10, 9.999999717180685e-10, 9.999999717180685e-10]
[9.999999717180685e-10, 9.999999717180685e-10, 9.999999717180685e-10, 9.999999717180685e-10, 9.999999717180685e-10, 9.999999717180685e-10, 9.999999717180685e-10, 9.999999717180685e-10, 9.999999717180685e-10, 9.999999717180685e-10, 1.000000082740371e-09, 1.000006077944704e-09, 1.0003223804844197e-09, 1.0018712526260742e-09, 1.0196294919495585e-09, 1.1764695884153298e-09, 4.9531281298698104e-09, 8.655527494738635e-08, 1.4100548924034229e-06, 1.1382818229321856e-05, 8.051071927184239e-05, 0.03148433193564415, 0.030697355046868324, 0.03145010396838188, 0.0010332247475162148, 3.3719163184287027e-05, 1.0676598094505607e-06, 3.6038890982581506e-08, 1.9309913668053014e-09, 1.0258532912033047e-09, 1.000719951349538e-09, 1.0000194006209995e-09, 1.0000005268295808e-09, 9.999999717180685e-10, 9.999999717180685e-10, 9.999999717180685e-10, 9.999999717180685e-10, 9.999999717180685e-10, 9.999999717180685e-10, 9.999999717180685e-10, 9.999999717180685e-10, 9.999999717180685e-10, 9.999999717180685e-10, 9.999999717180685e-10, 9.999999717180685e-10, 9.999999717180685e-10, 9.999999717180685e-10, 9.999999717180685e-10, 9.999999717180685e-10, 9.999999717180685e-10, 9.999999717180685e-10, 9.999999717180685e-10, 9.999999717180685e-10, 9.999999717180685e-10, 9.999999717180685e-10, 9.999999717180685e-10, 9.999999717180685e-10, 9.999999717180685e-10, 9.999999717180685e-10, 9.999999717180685e-10, 9.999999717180685e-10, 9.999999717180685e-10, 9.999999717180685e-10, 9.999999717180685e-10, 9.999999717180685e-10, 9.999999717180685e-10, 9.999999717180685e-10, 9.999999717180685e-10, 9.999999717180685e-10, 9.999999717180685e-10, 9.999999717180685e-10, 9.999999717180685e-10, 9.999999717180685e-10]
