[[0.0618857741355896, 0.06032419577240944, 0.00215463200584054, 0.0001326068741036579, 2.3473985493183136e-05, 5.323060122464085e-06, 1.666336828520798e-07, 1.0977744047124816e-08, 1.5959991106484495e-09, 1.0341425493720635e-09, 1.0019597374011369e-09, 1.0000726913261815e-09, 1.00000319136484e-09, 1.0000006378518833e-09, 1.000000082740371e-09, 9.999999717180685e-10, 9.999999717180685e-10, 9.999999717180685e-10, 9.999999717180685e-10, 9.999999717180685e-10, 9.999999717180685e-10, 9.999999717180685e-10, 9.999999717180685e-10, 9.999999717180685e-10, 9.999999717180685e-10, 9.999999717180685e-10, 9.999999717180685e-10, 9.999999717180685e-10, 9.999999717180685e-10, 9.999999717180685e-10, 9.999999717180685e-10, 9.999999717180685e-10, 9.999999717180685e-10, 9.999999717180685e-10, 9.999999717180685e-10, 9.999999717180685e-10, 9.999999717180685e-10, 9.999999717180685e-10, 9.999999717180685e-10, 9.999999717180685e-10, 9.999999717180685e-10, 9.999999717180685e-10, 9.999999717180685e-10, 9.999999717180685e-10, 9.999999717180685e-10, 9.999999717180685e-10, 9.999999717180685e-10, 9.999999717180685e-10, 9.999999717180685e-10, 9.999999717180685e-10, 9.999999717180685e-10, 9.999999717180685e-10, 9.999999717180685e-10, 9.999999717180685e-10, 9.999999717180685e-10, 9.999999717180685e-10, 9.999999717180685e-10, 9.999999717180685e-10, 9.999999717180685e-10, 9.999999717180685e-10, 9.999999717180685e-10, 9.999999717180685e-10, 9.999999717180685e-10, 9.999999717180685e-10, 9.999999717180685e-10, 9.999999717180685e-10, 9.999999717180685e-10, 9.999999717180685e-10, 9.999999717180685e-10, 9.999999717180685e-10, 9.999999717180685e-10, 9.999999717180685e-10, 9.999999717180685e-10]
[0.06032419577240944, 0.06130050867795944, 0.03571753576397896, 0.0021982223261147738, 0.0003891151282005012, 8.822534437058493e-05, 2.7467242489365162e-06, 1.6640180433569185e-07, 1.0879912970551686e-08, 1.5659837870884985e-09, 1.0324878729761622e-09, 1.001205562900509e-09, 1.000053373445553e-09, 1.0000102967921976e-09, 1.0000011929633956e-09, 1.0000001937626735e-09, 9.999999717180685e-10, 9.999999717180685e-10, 9.999999717180685e-10, 9.999999717180685e-10, 9.999999717180685e-10, 9.999999717180685e-10, 9.999999717180685e-10, 9.999999717180685e-10, 9.999999717180685e-10, 9.999999717180685e-10, 9.999999717180685e-10, 9.999999717180685e-10, 9.999999717180685e-10, 9.999999717180685e-10, 9.999999717180685e-10, 9.999999717180685e-10, 9.999999717180685e-10, 9.999999717180685e-10, 9.999999717180685e-10, 9.999999717180685e-10, 9.999999717180685e-10, 9.999999717180685e-10, 9.999999717180685e-10, 9.999999717180685e-10, 9.999999717180685e-10, 9.999999717180685e-10, 9.999999717180685e-10, 9.999999717180685e-10, 9.999999717180685e-10, 9.999999717180685e-10, 9.999999717180685e-10, 9.999999717180685e-10, 9.999999717180685e-10, 9.999999717180685e-10, 9.999999717180685e-10, 9.999999717180685e-10, 9.999999717180685e-10, 9.999999717180685e-10, 9.999999717180685e-10, 9.999999717180685e-10, 9.999999717180685e-10, 9.999999717180685e-10, 9.999999717180685e-10, 9.999999717180685e-10, 9.999999717180685e-10, 9.999999717180685e-10, 9.999999717180685e-10, 9.999999717180685e-10, 9.999999717180685e-10, 9.999999717180685e-10, 9.999999717180685e-10, 9.999999717180685e-10, 9.999999717180685e-10, 9.999999717180685e-10, 9.999999717180685e-10, 9.999999717180685e-10, 9.999999717180685e-10]
[0.00215463200584054, 0.03571753576397896, 0.08290126919746399, 0.06154458224773407, 0.010894202627241611, 0.0024700574576854706, 7.687426113989204e-05, 4.631827778212028e-06, 2.7761231535805564e-07, 1.6846101402734348e-08, 1.909575830794097e-09, 1.0337548594918644e-09, 1.0014947759984238e-09, 1.0002898509497982e-09, 1.0000347216987393e-09, 1.000004634654772e-09, 1.000000304784976e-09, 9.999999717180685e-10, 9.999999717180685e-10, 9.999999717180685e-10, 9.999999717180685e-10, 9.999999717180685e-10, 9.999999717180685e-10, 9.999999717180685e-10, 9.999999717180685e-10, 9.999999717180685e-10, 9.999999717180685e-10, 9.999999717180685e-10, 9.999999717180685e-10, 9.999999717180685e-10, 9.999999717180685e-10, 9.999999717180685e-10, 9.999999717180685e-10, 9.999999717180685e-10, 9.999999717180685e-10, 9.999999717180685e-10, 9.999999717180685e-10, 9.999999717180685e-10, 9.999999717180685e-10, 9.999999717180685e-10, 9.999999717180685e-10, 9.999999717180685e-10, 9.999999717180685e-10, 9.999999717180685e-10, 9.999999717180685e-10, 9.999999717180685e-10, 9.999999717180685e-10, 9.999999717180685e-10, 9.999999717180685e-10, 9.999999717180685e-10, 9.999999717180685e-10, 9.999999717180685e-10, 9.999999717180685e-10, 9.999999717180685e-10, 9.999999717180685e-10, 9.999999717180685e-10, 9.999999717180685e-10, 9.999999717180685e-10, 9.999999717180685e-10, 9.999999717180685e-10, 9.999999717180685e-10, 9.999999717180685e-10, 9.999999717180685e-10, 9.999999717180685e-10, 9.999999717180685e-10, 9.999999717180685e-10, 9.999999717180685e-10, 9.999999717180685e-10, 9.999999717180685e-10, 9.999999717180685e-10, 9.999999717180685e-10, 9.999999717180685e-10, 9.999999717180685e-10]
[0.0001326068741036579, 0.0021982223261147738, 0.06154458224773407, 0.4552229344844818, 0.17701312899589539, 0.04013441503047943, 0.0012490673689171672, 7.524446118623018e-05, 4.4955072553420905e-06, 2.5847376150522905e-07, 1.577915043071698e-08, 1.5484635795814938e-09, 1.0242882098054906e-09, 1.0047093157439235e-09, 1.000564409103788e-09, 1.0000764660844652e-09, 1.0000054118108892e-09, 1.000000304784976e-09, 9.999999717180685e-10, 9.999999717180685e-10, 9.999999717180685e-10, 9.999999717180685e-10, 9.999999717180685e-10, 9.999999717180685e-10, 9.999999717180685e-10, 9.999999717180685e-10, 9.999999717180685e-10, 9.999999717180685e-10, 9.999999717180685e-10, 9.999999717180685e-10, 9.999999717180685e-10, 9.999999717180685e-10, 9.999999717180685e-10, 9.999999717180685e-10, 9.999999717180685e-10, 9.999999717180685e-10, 9.999999717180685e-10, 9.999999717180685e-10, 9.999999717180685e-10, 9.999999717180685e-10, 9.999999717180685e-10, 9.999999717180685e-10, 9.999999717180685e-10, 9.999999717180685e-10, 9.999999717180685e-10, 9.999999717180685e-10, 9.999999717180685e-10, 9.999999717180685e-10, 9.999999717180685e-10, 9.999999717180685e-10, 9.999999717180685e-10, 9.999999717180685e-10, 9.999999717180685e-10, 9.999999717180685e-10, 9.999999717180685e-10, 9.999999717180685e-10, 9.999999717180685e-10, 9.999999717180685e-10, 9.999999717180685e-10, 9.999999717180685e-10, 9.999999717180685e-10, 9.999999717180685e-10, 9.999999717180685e-10, 9.999999717180685e-10, 9.999999717180685e-10, 9.999999717180685e-10, 9.999999717180685e-10, 9.999999717180685e-10, 9.999999717180685e-10, 9.999999717180685e-10, 9.999999717180685e-10, 9.999999717180685e-10, 9.999999717180685e-10]
[2.3473985493183136e-05, 0.0003891151282005012, 0.010894202627241611, 0.17701312899589539, 0.3007315397262573, 0.2267312854528427, 0.0070563508197665215, 0.0004250739002600312, 2.5391807866981253e-05, 1.4555457710230257e-06, 8.449197252957674e-08, 4.098439809752108e-09, 1.1372114361307695e-09, 1.0266042460571612e-09, 1.003188532244792e-09, 1.0004322925638576e-09, 1.0000303918289433e-09, 1.0000021921641178e-09, 1.0000001937626735e-09, 9.999999717180685e-10, 9.999999717180685e-10, 9.999999717180685e-10, 9.999999717180685e-10, 9.999999717180685e-10, 9.999999717180685e-10, 9.999999717180685e-10, 9.999999717180685e-10, 9.999999717180685e-10, 9.999999717180685e-10, 9.999999717180685e-10, 9.999999717180685e-10, 9.999999717180685e-10, 9.999999717180685e-10, 9.999999717180685e-10, 9.999999717180685e-10, 9.999999717180685e-10, 9.999999717180685e-10, 9.999999717180685e-10, 9.999999717180685e-10, 9.999999717180685e-10, 9.999999717180685e-10, 9.999999717180685e-10, 9.999999717180685e-10, 9.999999717180685e-10, 9.999999717180685e-10, 9.999999717180685e-10, 9.999999717180685e-10, 9.999999717180685e-10, 9.999999717180685e-10, 9.999999717180685e-10, 9.999999717180685e-10, 9.999999717180685e-10, 9.999999717180685e-10, 9.999999717180685e-10, 9.999999717180685e-10, 9.999999717180685e-10, 9.999999717180685e-10, 9.999999717180685e-10, 9.999999717180685e-10, 9.999999717180685e-10, 9.999999717180685e-10, 9.999999717180685e-10, 9.999999717180685e-10, 9.999999717180685e-10, 9.999999717180685e-10, 9.999999717180685e-10, 9.999999717180685e-10, 9.999999717180685e-10, 9.999999717180685e-10, 9.999999717180685e-10, 9.999999717180685e-10, 9.999999717180685e-10, 9.999999717180685e-10]
[5.323060122464085e-06, 8.822534437058493e-05, 0.0024700574576854706, 0.04013441503047943, 0.2267312854528427, 0.20902281999588013, 0.031122084707021713, 0.001874788198620081, 0.00011198734136996791, 6.416284577426268e-06, 3.692416044032143e-07, 1.4665690883930438e-08, 1.6051724394117173e-09, 1.1173383329676767e-09, 1.0140629447263905e-09, 1.0019065577182573e-09, 1.0001341976817457e-09, 1.0000096306583828e-09, 1.0000008598964882e-09, 1.000000082740371e-09, 9.999999717180685e-10, 9.999999717180685e-10, 9.999999717180685e-10, 9.999999717180685e-10, 9.999999717180685e-10, 9.999999717180685e-10, 9.999999717180685e-10, 9.999999717180685e-10, 9.999999717180685e-10, 9.999999717180685e-10, 9.999999717180685e-10, 9.999999717180685e-10, 9.999999717180685e-10, 9.999999717180685e-10, 9.999999717180685e-10, 9.999999717180685e-10, 9.999999717180685e-10, 9.999999717180685e-10, 9.999999717180685e-10, 9.999999717180685e-10, 9.999999717180685e-10, 9.999999717180685e-10, 9.999999717180685e-10, 9.999999717180685e-10, 9.999999717180685e-10, 9.999999717180685e-10, 9.999999717180685e-10, 9.999999717180685e-10, 9.999999717180685e-10, 9.999999717180685e-10, 9.999999717180685e-10, 9.999999717180685e-10, 9.999999717180685e-10, 9.999999717180685e-10, 9.999999717180685e-10, 9.999999717180685e-10, 9.999999717180685e-10, 9.999999717180685e-10, 9.999999717180685e-10, 9.999999717180685e-10, 9.999999717180685e-10, 9.999999717180685e-10, 9.999999717180685e-10, 9.999999717180685e-10, 9.999999717180685e-10, 9.999999717180685e-10, 9.999999717180685e-10, 9.999999717180685e-10, 9.999999717180685e-10, 9.999999717180685e-10, 9.999999717180685e-10, 9.999999717180685e-10, 9.999999717180685e-10]
[1.666336828520798e-07, 2.7467242489365162e-06, 7.687426113989204e-05, 0.0012490673689171672, 0.0070563508197665215, 0.031122084707021713, 0.06109939515590668, 0.0602397695183754, 0.0035982930567115545, 0.0002061338018393144, 1.1833159987872932e-05, 4.4009885868945275e-07, 2.044510338805594e-08, 4.770259742770122e-09, 1.451865960788723e-09, 1.0612617451499773e-09, 1.0043117448788053e-09, 1.0003099459865439e-09, 1.0000268391152645e-09, 1.0000039685209572e-09, 1.0000006378518833e-09, 9.999999717180685e-10, 9.999999717180685e-10, 9.999999717180685e-10, 9.999999717180685e-10, 9.999999717180685e-10, 9.999999717180685e-10, 9.999999717180685e-10, 9.999999717180685e-10, 9.999999717180685e-10, 9.999999717180685e-10, 9.999999717180685e-10, 9.999999717180685e-10, 9.999999717180685e-10, 9.999999717180685e-10, 9.999999717180685e-10, 9.999999717180685e-10, 9.999999717180685e-10, 9.999999717180685e-10, 9.999999717180685e-10, 9.999999717180685e-10, 9.999999717180685e-10, 9.999999717180685e-10, 9.999999717180685e-10, 9.999999717180685e-10, 9.999999717180685e-10, 9.999999717180685e-10, 9.999999717180685e-10, 9.999999717180685e-10, 9.999999717180685e-10, 9.999999717180685e-10, 9.999999717180685e-10, 9.999999717180685e-10, 9.999999717180685e-10, 9.999999717180685e-10, 9.999999717180685e-10, 9.999999717180685e-10, 9.999999717180685e-10, 9.999999717180685e-10, 9.999999717180685e-10, 9.999999717180685e-10, 9.999999717180685e-10, 9.999999717180685e-10, 9.999999717180685e-10, 9.999999717180685e-10, 9.999999717180685e-10, 9.999999717180685e-10, 9.999999717180685e-10, 9.999999717180685e-10, 9.999999717180685e-10, 9.999999717180685e-10, 9.999999717180685e-10, 9.999999717180685e-10]
[1.0977744047124816e-08, 1.6640180433569185e-07, 4.631827778212028e-06, 7.524446118623018e-05, 0.0004250739002600312, 0.001874788198620081, 0.0602397695183754, 0.05995338410139084, 0.0597328320145607, 0.0034218747168779373, 0.0001964187395060435, 7.290185749297962e-06, 3.237950920720323e-07, 6.35874854992835e-08, 8.501118031745136e-09, 2.0169643732970144e-09, 1.0715767162494672e-09, 1.0051451893033914e-09, 1.0004457262624555e-09, 1.0000662520326387e-09, 1.0000109629260123e-09, 1.000000304784976e-09, 9.999999717180685e-10, 9.999999717180685e-10, 9.999999717180685e-10, 9.999999717180685e-10, 9.999999717180685e-10, 9.999999717180685e-10, 9.999999717180685e-10, 9.999999717180685e-10, 9.999999717180685e-10, 9.999999717180685e-10, 9.999999717180685e-10, 9.999999717180685e-10, 9.999999717180685e-10, 9.999999717180685e-10, 9.999999717180685e-10, 9.999999717180685e-10, 9.999999717180685e-10, 9.999999717180685e-10, 9.999999717180685e-10, 9.999999717180685e-10, 9.999999717180685e-10, 9.999999717180685e-10, 9.999999717180685e-10, 9.999999717180685e-10, 9.999999717180685e-10, 9.999999717180685e-10, 9.999999717180685e-10, 9.999999717180685e-10, 9.999999717180685e-10, 9.999999717180685e-10, 9.999999717180685e-10, 9.999999717180685e-10, 9.999999717180685e-10, 9.999999717180685e-10, 9.999999717180685e-10, 9.999999717180685e-10, 9.999999717180685e-10, 9.999999717180685e-10, 9.999999717180685e-10, 9.999999717180685e-10, 9.999999717180685e-10, 9.999999717180685e-10, 9.999999717180685e-10, 9.999999717180685e-10, 9.999999717180685e-10, 9.999999717180685e-10, 9.999999717180685e-10, 9.999999717180685e-10, 9.999999717180685e-10, 9.999999717180685e-10, 9.999999717180685e-10]
[1.5959991106484495e-09, 1.0879912970551686e-08, 2.7761231535805564e-07, 4.4955072553420905e-06, 2.5391807866981253e-05, 0.00011198734136996791, 0.0035982930567115545, 0.0597328320145607, 0.05952123925089836, 0.05728631466627121, 0.0032882734667509794, 0.0001220308622578159, 5.404983767220983e-06, 1.0487918871149304e-06, 1.265781008896738e-07, 1.8025239967300877e-08, 2.1982837772327457e-09, 1.0861380683735433e-09, 1.0074628908895988e-09, 1.001109306564274e-09, 1.000183713628644e-09, 1.0000054118108892e-09, 1.000000304784976e-09, 9.999999717180685e-10, 9.999999717180685e-10, 9.999999717180685e-10, 9.999999717180685e-10, 9.999999717180685e-10, 9.999999717180685e-10, 9.999999717180685e-10, 9.999999717180685e-10, 9.999999717180685e-10, 9.999999717180685e-10, 9.999999717180685e-10, 9.999999717180685e-10, 9.999999717180685e-10, 9.999999717180685e-10, 9.999999717180685e-10, 9.999999717180685e-10, 9.999999717180685e-10, 9.999999717180685e-10, 9.999999717180685e-10, 9.999999717180685e-10, 9.999999717180685e-10, 9.999999717180685e-10, 9.999999717180685e-10, 9.999999717180685e-10, 9.999999717180685e-10, 9.999999717180685e-10, 9.999999717180685e-10, 9.999999717180685e-10, 9.999999717180685e-10, 9.999999717180685e-10, 9.999999717180685e-10, 9.999999717180685e-10, 9.999999717180685e-10, 9.999999717180685e-10, 9.999999717180685e-10, 9.999999717180685e-10, 9.999999717180685e-10, 9.999999717180685e-10, 9.999999717180685e-10, 9.999999717180685e-10, 9.999999717180685e-10, 9.999999717180685e-10, 9.999999717180685e-10, 9.999999717180685e-10, 9.999999717180685e-10, 9.999999717180685e-10, 9.999999717180685e-10, 9.999999717180685e-10, 9.999999717180685e-10, 9.999999717180685e-10]
[1.0341425493720635e-09, 1.5659837870884985e-09, 1.6846101402734348e-08, 2.5847376150522905e-07, 1.4555457710230257e-06, 6.416284577426268e-06, 0.0002061338018393144, 0.0034218747168779373, 0.05728631466627121, 0.059122927486896515, 0.0574006661772728, 0.002130175707861781, 9.433389641344547e-05, 1.8291440937900916e-05, 2.193113459725282e-06, 2.981958573400334e-07, 2.191749182145486e-08, 2.5036439588177473e-09, 1.1302737634721893e-09, 1.0193641486466731e-09, 1.0032070729693032e-09, 1.0000945627197666e-09, 1.0000055228331917e-09, 1.000000304784976e-09, 9.999999717180685e-10, 9.999999717180685e-10, 9.999999717180685e-10, 9.999999717180685e-10, 9.999999717180685e-10, 9.999999717180685e-10, 9.999999717180685e-10, 9.999999717180685e-10, 9.999999717180685e-10, 9.999999717180685e-10, 9.999999717180685e-10, 9.999999717180685e-10, 9.999999717180685e-10, 9.999999717180685e-10, 9.999999717180685e-10, 9.999999717180685e-10, 9.999999717180685e-10, 9.999999717180685e-10, 9.999999717180685e-10, 9.999999717180685e-10, 9.999999717180685e-10, 9.999999717180685e-10, 9.999999717180685e-10, 9.999999717180685e-10, 9.999999717180685e-10, 9.999999717180685e-10, 9.999999717180685e-10, 9.999999717180685e-10, 9.999999717180685e-10, 9.999999717180685e-10, 9.999999717180685e-10, 9.999999717180685e-10, 9.999999717180685e-10, 9.999999717180685e-10, 9.999999717180685e-10, 9.999999717180685e-10, 9.999999717180685e-10, 9.999999717180685e-10, 9.999999717180685e-10, 9.999999717180685e-10, 9.999999717180685e-10, 9.999999717180685e-10, 9.999999717180685e-10, 9.999999717180685e-10, 9.999999717180685e-10, 9.999999717180685e-10, 9.999999717180685e-10, 9.999999717180685e-10, 9.999999717180685e-10]
[1.0019597374011369e-09, 1.0324878729761622e-09, 1.909575830794097e-09, 1.577915043071698e-08, 8.449197252957674e-08, 3.692416044032143e-07, 1.1833159987872932e-05, 0.0001964187395060435, 0.0032882734667509794, 0.0574006661772728, 0.060732077807188034, 0.03711063787341118, 0.0016434122808277607, 0.0003186460817232728, 3.819069024757482e-05, 5.17856869919342e-06, 3.654116369489202e-07, 2.719555958208275e-08, 3.269544635031707e-09, 1.3373493423785021e-09, 1.0558717233877246e-09, 1.0016483198427295e-09, 1.0000962280543035e-09, 1.0000055228331917e-09, 1.000000304784976e-09, 9.999999717180685e-10, 9.999999717180685e-10, 9.999999717180685e-10, 9.999999717180685e-10, 9.999999717180685e-10, 9.999999717180685e-10, 9.999999717180685e-10, 9.999999717180685e-10, 9.999999717180685e-10, 9.999999717180685e-10, 9.999999717180685e-10, 9.999999717180685e-10, 9.999999717180685e-10, 9.999999717180685e-10, 9.999999717180685e-10, 9.999999717180685e-10, 9.999999717180685e-10, 9.999999717180685e-10, 9.999999717180685e-10, 9.999999717180685e-10, 9.999999717180685e-10, 9.999999717180685e-10, 9.999999717180685e-10, 9.999999717180685e-10, 9.999999717180685e-10, 9.999999717180685e-10, 9.999999717180685e-10, 9.999999717180685e-10, 9.999999717180685e-10, 9.999999717180685e-10, 9.999999717180685e-10, 9.999999717180685e-10, 9.999999717180685e-10, 9.999999717180685e-10, 9.999999717180685e-10, 9.999999717180685e-10, 9.999999717180685e-10, 9.999999717180685e-10, 9.999999717180685e-10, 9.999999717180685e-10, 9.999999717180685e-10, 9.999999717180685e-10, 9.999999717180685e-10, 9.999999717180685e-10, 9.999999717180685e-10, 9.999999717180685e-10, 9.999999717180685e-10, 9.999999717180685e-10]
[1.0000726913261815e-09, 1.001205562900509e-09, 1.0337548594918644e-09, 1.5484635795814938e-09, 4.098439809752108e-09, 1.4665690883930438e-08, 4.4009885868945275e-07, 7.290185749297962e-06, 0.0001220308622578159, 0.002130175707861781, 0.03711063787341118, 0.07264214009046555, 0.04428410157561302, 0.008586353622376919, 0.0010290773352608085, 0.00013951800065115094, 9.820603736443445e-06, 7.068775289553741e-07, 6.215631032091551e-08, 1.0090386304284493e-08, 2.505549545617214e-09, 1.0444182185764816e-09, 1.002593230658988e-09, 1.000150851027115e-09, 1.000008964524568e-09, 1.0000005268295808e-09, 9.999999717180685e-10, 9.999999717180685e-10, 9.999999717180685e-10, 9.999999717180685e-10, 9.999999717180685e-10, 9.999999717180685e-10, 9.999999717180685e-10, 9.999999717180685e-10, 9.999999717180685e-10, 9.999999717180685e-10, 9.999999717180685e-10, 9.999999717180685e-10, 9.999999717180685e-10, 9.999999717180685e-10, 9.999999717180685e-10, 9.999999717180685e-10, 9.999999717180685e-10, 9.999999717180685e-10, 9.999999717180685e-10, 9.999999717180685e-10, 9.999999717180685e-10, 9.999999717180685e-10, 9.999999717180685e-10, 9.999999717180685e-10, 9.999999717180685e-10, 9.999999717180685e-10, 9.999999717180685e-10, 9.999999717180685e-10, 9.999999717180685e-10, 9.999999717180685e-10, 9.999999717180685e-10, 9.999999717180685e-10, 9.999999717180685e-10, 9.999999717180685e-10, 9.999999717180685e-10, 9.999999717180685e-10, 9.999999717180685e-10, 9.999999717180685e-10, 9.999999717180685e-10, 9.999999717180685e-10, 9.999999717180685e-10, 9.999999717180685e-10, 9.999999717180685e-10, 9.999999717180685e-10, 9.999999717180685e-10, 9.999999717180685e-10, 9.999999717180685e-10]
[1.00000319136484e-09, 1.000053373445553e-09, 1.0014947759984238e-09, 1.0242882098054906e-09, 1.1372114361307695e-09, 1.6051724394117173e-09, 2.044510338805594e-08, 3.237950920720323e-07, 5.404983767220983e-06, 9.433389641344547e-05, 0.0016434122808277607, 0.04428410157561302, 0.19336600601673126, 0.1938924491405487, 0.023238055408000946, 0.0031505003571510315, 0.00022174201149027795, 1.594074819877278e-05, 1.3819976629747543e-06, 2.062740236397076e-07, 3.499747691648736e-08, 2.0030288538919194e-09, 1.0585605725310643e-09, 1.0034072461806431e-09, 1.0002034755984823e-09, 1.0000121841713394e-09, 1.0000006378518833e-09, 9.999999717180685e-10, 9.999999717180685e-10, 9.999999717180685e-10, 9.999999717180685e-10, 9.999999717180685e-10, 9.999999717180685e-10, 9.999999717180685e-10, 9.999999717180685e-10, 9.999999717180685e-10, 9.999999717180685e-10, 9.999999717180685e-10, 9.999999717180685e-10, 9.999999717180685e-10, 9.999999717180685e-10, 9.999999717180685e-10, 9.999999717180685e-10, 9.999999717180685e-10, 9.999999717180685e-10, 9.999999717180685e-10, 9.999999717180685e-10, 9.999999717180685e-10, 9.999999717180685e-10, 9.999999717180685e-10, 9.999999717180685e-10, 9.999999717180685e-10, 9.999999717180685e-10, 9.999999717180685e-10, 9.999999717180685e-10, 9.999999717180685e-10, 9.999999717180685e-10, 9.999999717180685e-10, 9.999999717180685e-10, 9.999999717180685e-10, 9.999999717180685e-10, 9.999999717180685e-10, 9.999999717180685e-10, 9.999999717180685e-10, 9.999999717180685e-10, 9.999999717180685e-10, 9.999999717180685e-10, 9.999999717180685e-10, 9.999999717180685e-10, 9.999999717180685e-10, 9.999999717180685e-10, 9.999999717180685e-10, 9.999999717180685e-10]
[1.0000006378518833e-09, 1.0000102967921976e-09, 1.0002898509497982e-09, 1.0047093157439235e-09, 1.0266042460571612e-09, 1.1173383329676767e-09, 4.770259742770122e-09, 6.35874854992835e-08, 1.0487918871149304e-06, 1.8291440937900916e-05, 0.0003186460817232728, 0.008586353622376919, 0.1938924491405487, 0.20064333081245422, 0.11985022574663162, 0.01624870114028454, 0.001143630244769156, 8.221020107157528e-05, 7.123491286620265e-06, 1.0597001391943195e-06, 1.7634189930504363e-07, 6.173118904939656e-09, 1.3020255984486084e-09, 1.0175731368633478e-09, 1.001049798610154e-09, 1.0000628103412623e-09, 1.0000036354540498e-09, 1.0000001937626735e-09, 9.999999717180685e-10, 9.999999717180685e-10, 9.999999717180685e-10, 9.999999717180685e-10, 9.999999717180685e-10, 9.999999717180685e-10, 9.999999717180685e-10, 9.999999717180685e-10, 9.999999717180685e-10, 9.999999717180685e-10, 9.999999717180685e-10, 9.999999717180685e-10, 9.999999717180685e-10, 9.999999717180685e-10, 9.999999717180685e-10, 9.999999717180685e-10, 9.999999717180685e-10, 9.999999717180685e-10, 9.999999717180685e-10, 9.999999717180685e-10, 9.999999717180685e-10, 9.999999717180685e-10, 9.999999717180685e-10, 9.999999717180685e-10, 9.999999717180685e-10, 9.999999717180685e-10, 9.999999717180685e-10, 9.999999717180685e-10, 9.999999717180685e-10, 9.999999717180685e-10, 9.999999717180685e-10, 9.999999717180685e-10, 9.999999717180685e-10, 9.999999717180685e-10, 9.999999717180685e-10, 9.999999717180685e-10, 9.999999717180685e-10, 9.999999717180685e-10, 9.999999717180685e-10, 9.999999717180685e-10, 9.999999717180685e-10, 9.999999717180685e-10, 9.999999717180685e-10, 9.999999717180685e-10, 9.999999717180685e-10]
[1.000000082740371e-09, 1.0000011929633956e-09, 1.0000347216987393e-09, 1.000564409103788e-09, 1.003188532244792e-09, 1.0140629447263905e-09, 1.451865960788723e-09, 8.501118031745136e-09, 1.265781008896738e-07, 2.193113459725282e-06, 3.819069024757482e-05, 0.0010290773352608085, 0.023238055408000946, 0.11985022574663162, 0.2025976926088333, 0.13557501137256622, 0.009542148560285568, 0.000685933802742511, 5.9429268731037155e-05, 8.834535947244149e-06, 1.4640097560914e-06, 4.416323662326249e-08, 3.5200273806879068e-09, 1.1466263494241957e-09, 1.0087590762708487e-09, 1.000524108007994e-09, 1.0000307248958507e-09, 1.0000018590972104e-09, 1.000000082740371e-09, 9.999999717180685e-10, 9.999999717180685e-10, 9.999999717180685e-10, 9.999999717180685e-10, 9.999999717180685e-10, 9.999999717180685e-10, 9.999999717180685e-10, 9.999999717180685e-10, 9.999999717180685e-10, 9.999999717180685e-10, 9.999999717180685e-10, 9.999999717180685e-10, 9.999999717180685e-10, 9.999999717180685e-10, 9.999999717180685e-10, 9.999999717180685e-10, 9.999999717180685e-10, 9.999999717180685e-10, 9.999999717180685e-10, 9.999999717180685e-10, 9.999999717180685e-10, 9.999999717180685e-10, 9.999999717180685e-10, 9.999999717180685e-10, 9.999999717180685e-10, 9.999999717180685e-10, 9.999999717180685e-10, 9.999999717180685e-10, 9.999999717180685e-10, 9.999999717180685e-10, 9.999999717180685e-10, 9.999999717180685e-10, 9.999999717180685e-10, 9.999999717180685e-10, 9.999999717180685e-10, 9.999999717180685e-10, 9.999999717180685e-10, 9.999999717180685e-10, 9.999999717180685e-10, 9.999999717180685e-10, 9.999999717180685e-10, 9.999999717180685e-10, 9.999999717180685e-10, 9.999999717180685e-10]
[9.999999717180685e-10, 1.0000001937626735e-09, 1.000004634654772e-09, 1.0000764660844652e-09, 1.0004322925638576e-09, 1.0019065577182573e-09, 1.0612617451499773e-09, 2.0169643732970144e-09, 1.8025239967300877e-08, 2.981958573400334e-07, 5.17856869919342e-06, 0.00013951800065115094, 0.0031505003571510315, 0.01624870114028454, 0.13557501137256622, 0.24159762263298035, 0.07038281112909317, 0.00505943363532424, 0.0004383432387840003, 6.515705172205344e-05, 1.0792144166771322e-05, 3.193715372162842e-07, 1.9587696797884746e-08, 2.0815147383501653e-09, 1.0646074022346852e-09, 1.0038663234013256e-09, 1.000226679259697e-09, 1.000013516438969e-09, 1.0000007488741858e-09, 9.999999717180685e-10, 9.999999717180685e-10, 9.999999717180685e-10, 9.999999717180685e-10, 9.999999717180685e-10, 9.999999717180685e-10, 9.999999717180685e-10, 9.999999717180685e-10, 9.999999717180685e-10, 9.999999717180685e-10, 9.999999717180685e-10, 9.999999717180685e-10, 9.999999717180685e-10, 9.999999717180685e-10, 9.999999717180685e-10, 9.999999717180685e-10, 9.999999717180685e-10, 9.999999717180685e-10, 9.999999717180685e-10, 9.999999717180685e-10, 9.999999717180685e-10, 9.999999717180685e-10, 9.999999717180685e-10, 9.999999717180685e-10, 9.999999717180685e-10, 9.999999717180685e-10, 9.999999717180685e-10, 9.999999717180685e-10, 9.999999717180685e-10, 9.999999717180685e-10, 9.999999717180685e-10, 9.999999717180685e-10, 9.999999717180685e-10, 9.999999717180685e-10, 9.999999717180685e-10, 9.999999717180685e-10, 9.999999717180685e-10, 9.999999717180685e-10, 9.999999717180685e-10, 9.999999717180685e-10, 9.999999717180685e-10, 9.999999717180685e-10, 9.999999717180685e-10, 9.999999717180685e-10]
[9.999999717180685e-10, 9.999999717180685e-10, 1.000000304784976e-09, 1.0000054118108892e-09, 1.0000303918289433e-09, 1.0001341976817457e-09, 1.0043117448788053e-09, 1.0715767162494672e-09, 2.1982837772327457e-09, 2.191749182145486e-08, 3.654116369489202e-07, 9.820603736443445e-06, 0.00022174201149027795, 0.001143630244769156, 0.009542148560285568, 0.07038281112909317, 0.1590372771024704, 0.07188451290130615, 0.006227976642549038, 0.0009257391793653369, 0.00015332181646954268, 4.5244296416058205e-06, 2.650946271387511e-07, 1.6366184851790422e-08, 1.917943137641487e-09, 1.054933251865009e-09, 1.0032205066679012e-09, 1.0001922623459336e-09, 1.0000102967921976e-09, 1.0000005268295808e-09, 9.999999717180685e-10, 9.999999717180685e-10, 9.999999717180685e-10, 9.999999717180685e-10, 9.999999717180685e-10, 9.999999717180685e-10, 9.999999717180685e-10, 9.999999717180685e-10, 9.999999717180685e-10, 9.999999717180685e-10, 9.999999717180685e-10, 9.999999717180685e-10, 9.999999717180685e-10, 9.999999717180685e-10, 9.999999717180685e-10, 9.999999717180685e-10, 9.999999717180685e-10, 9.999999717180685e-10, 9.999999717180685e-10, 9.999999717180685e-10, 9.999999717180685e-10, 9.999999717180685e-10, 9.999999717180685e-10, 9.999999717180685e-10, 9.999999717180685e-10, 9.999999717180685e-10, 9.999999717180685e-10, 9.999999717180685e-10, 9.999999717180685e-10, 9.999999717180685e-10, 9.999999717180685e-10, 9.999999717180685e-10, 9.999999717180685e-10, 9.999999717180685e-10, 9.999999717180685e-10, 9.999999717180685e-10, 9.999999717180685e-10, 9.999999717180685e-10, 9.999999717180685e-10, 9.999999717180685e-10, 9.999999717180685e-10, 9.999999717180685e-10, 9.999999717180685e-10]
[9.999999717180685e-10, 9.999999717180685e-10, 9.999999717180685e-10, 1.000000304784976e-09, 1.0000021921641178e-09, 1.0000096306583828e-09, 1.0003099459865439e-09, 1.0051451893033914e-09, 1.0861380683735433e-09, 2.5036439588177473e-09, 2.719555958208275e-08, 7.068775289553741e-07, 1.594074819877278e-05, 8.221020107157528e-05, 0.000685933802742511, 0.00505943363532424, 0.07188451290130615, 0.21663916110992432, 0.08663861453533173, 0.012878130190074444, 0.0021328763104975224, 6.29272690275684e-05, 3.674869503811351e-06, 2.1476208189596946e-07, 1.3769691165066433e-08, 1.7641885730057538e-09, 1.0448015785868847e-09, 1.002674610006693e-09, 1.0001429684436403e-09, 1.0000078543015434e-09, 1.0000004158072784e-09, 9.999999717180685e-10, 9.999999717180685e-10, 9.999999717180685e-10, 9.999999717180685e-10, 9.999999717180685e-10, 9.999999717180685e-10, 9.999999717180685e-10, 9.999999717180685e-10, 9.999999717180685e-10, 9.999999717180685e-10, 9.999999717180685e-10, 9.999999717180685e-10, 9.999999717180685e-10, 9.999999717180685e-10, 9.999999717180685e-10, 9.999999717180685e-10, 9.999999717180685e-10, 9.999999717180685e-10, 9.999999717180685e-10, 9.999999717180685e-10, 9.999999717180685e-10, 9.999999717180685e-10, 9.999999717180685e-10, 9.999999717180685e-10, 9.999999717180685e-10, 9.999999717180685e-10, 9.999999717180685e-10, 9.999999717180685e-10, 9.999999717180685e-10, 9.999999717180685e-10, 9.999999717180685e-10, 9.999999717180685e-10, 9.999999717180685e-10, 9.999999717180685e-10, 9.999999717180685e-10, 9.999999717180685e-10, 9.999999717180685e-10, 9.999999717180685e-10, 9.999999717180685e-10, 9.999999717180685e-10, 9.999999717180685e-10, 9.999999717180685e-10]
[9.999999717180685e-10, 9.999999717180685e-10, 9.999999717180685e-10, 9.999999717180685e-10, 1.0000001937626735e-09, 1.0000008598964882e-09, 1.0000268391152645e-09, 1.0004457262624555e-09, 1.0074628908895988e-09, 1.1302737634721893e-09, 3.269544635031707e-09, 6.215631032091551e-08, 1.3819976629747543e-06, 7.123491286620265e-06, 5.9429268731037155e-05, 0.0004383432387840003, 0.006227976642549038, 0.08663861453533173, 0.12780562043190002, 0.148641899228096, 0.02461806870996952, 0.0007263084407895803, 4.240552880219184e-05, 2.4682815364940325e-06, 1.4839029915947322e-07, 9.82042358543822e-09, 1.517109327053845e-09, 1.0308718323415178e-09, 1.0016505402887788e-09, 1.0000910100060878e-09, 1.0000049677216793e-09, 1.0000001937626735e-09, 9.999999717180685e-10, 9.999999717180685e-10, 9.999999717180685e-10, 9.999999717180685e-10, 9.999999717180685e-10, 9.999999717180685e-10, 9.999999717180685e-10, 9.999999717180685e-10, 9.999999717180685e-10, 9.999999717180685e-10, 9.999999717180685e-10, 9.999999717180685e-10, 9.999999717180685e-10, 9.999999717180685e-10, 9.999999717180685e-10, 9.999999717180685e-10, 9.999999717180685e-10, 9.999999717180685e-10, 9.999999717180685e-10, 9.999999717180685e-10, 9.999999717180685e-10, 9.999999717180685e-10, 9.999999717180685e-10, 9.999999717180685e-10, 9.999999717180685e-10, 9.999999717180685e-10, 9.999999717180685e-10, 9.999999717180685e-10, 9.999999717180685e-10, 9.999999717180685e-10, 9.999999717180685e-10, 9.999999717180685e-10, 9.999999717180685e-10, 9.999999717180685e-10, 9.999999717180685e-10, 9.999999717180685e-10, 9.999999717180685e-10, 9.999999717180685e-10, 9.999999717180685e-10, 9.999999717180685e-10, 9.999999717180685e-10]
[9.999999717180685e-10, 9.999999717180685e-10, 9.999999717180685e-10, 9.999999717180685e-10, 9.999999717180685e-10, 1.000000082740371e-09, 1.0000039685209572e-09, 1.0000662520326387e-09, 1.001109306564274e-09, 1.0193641486466731e-09, 1.3373493423785021e-09, 1.0090386304284493e-08, 2.062740236397076e-07, 1.0597001391943195e-06, 8.834535947244149e-06, 6.515705172205344e-05, 0.0009257391793653369, 0.012878130190074444, 0.148641899228096, 0.614359438419342, 0.16561998426914215, 0.004886290989816189, 0.00028528060647659004, 1.659983718127478e-05, 9.925802260113414e-07, 6.034011335032119e-08, 4.478895032633545e-09, 1.207692612581468e-09, 1.0111039783211595e-09, 1.0006120376715444e-09, 1.0000337224980171e-09, 1.0000018590972104e-09, 1.000000082740371e-09, 9.999999717180685e-10, 9.999999717180685e-10, 9.999999717180685e-10, 9.999999717180685e-10, 9.999999717180685e-10, 9.999999717180685e-10, 9.999999717180685e-10, 9.999999717180685e-10, 9.999999717180685e-10, 9.999999717180685e-10, 9.999999717180685e-10, 9.999999717180685e-10, 9.999999717180685e-10, 9.999999717180685e-10, 9.999999717180685e-10, 9.999999717180685e-10, 9.999999717180685e-10, 9.999999717180685e-10, 9.999999717180685e-10, 9.999999717180685e-10, 9.999999717180685e-10, 9.999999717180685e-10, 9.999999717180685e-10, 9.999999717180685e-10, 9.999999717180685e-10, 9.999999717180685e-10, 9.999999717180685e-10, 9.999999717180685e-10, 9.999999717180685e-10, 9.999999717180685e-10, 9.999999717180685e-10, 9.999999717180685e-10, 9.999999717180685e-10, 9.999999717180685e-10, 9.999999717180685e-10, 9.999999717180685e-10, 9.999999717180685e-10, 9.999999717180685e-10, 9.999999717180685e-10, 9.999999717180685e-10]
[9.999999717180685e-10, 9.999999717180685e-10, 9.999999717180685e-10, 9.999999717180685e-10, 9.999999717180685e-10, 9.999999717180685e-10, 1.0000006378518833e-09, 1.0000109629260123e-09, 1.000183713628644e-09, 1.0032070729693032e-09, 1.0558717233877246e-09, 2.505549545617214e-09, 3.499747691648736e-08, 1.7634189930504363e-07, 1.4640097560914e-06, 1.0792144166771322e-05, 0.00015332181646954268, 0.0021328763104975224, 0.02461806870996952, 0.16561998426914215, 0.2846868634223938, 0.029503025114536285, 0.0017224972834810615, 0.00010022343485616148, 5.988080829411047e-06, 3.5929079444940726e-07, 2.2005288258242217e-08, 2.2540311839236438e-09, 1.0670451189298547e-09, 1.0036957931447432e-09, 1.0002039196876922e-09, 1.0000110739483148e-09, 1.0000005268295808e-09, 9.999999717180685e-10, 9.999999717180685e-10, 9.999999717180685e-10, 9.999999717180685e-10, 9.999999717180685e-10, 9.999999717180685e-10, 9.999999717180685e-10, 9.999999717180685e-10, 9.999999717180685e-10, 9.999999717180685e-10, 9.999999717180685e-10, 9.999999717180685e-10, 9.999999717180685e-10, 9.999999717180685e-10, 9.999999717180685e-10, 9.999999717180685e-10, 9.999999717180685e-10, 9.999999717180685e-10, 9.999999717180685e-10, 9.999999717180685e-10, 9.999999717180685e-10, 9.999999717180685e-10, 9.999999717180685e-10, 9.999999717180685e-10, 9.999999717180685e-10, 9.999999717180685e-10, 9.999999717180685e-10, 9.999999717180685e-10, 9.999999717180685e-10, 9.999999717180685e-10, 9.999999717180685e-10, 9.999999717180685e-10, 9.999999717180685e-10, 9.999999717180685e-10, 9.999999717180685e-10, 9.999999717180685e-10, 9.999999717180685e-10, 9.999999717180685e-10, 9.999999717180685e-10, 9.999999717180685e-10]
[9.999999717180685e-10, 9.999999717180685e-10, 9.999999717180685e-10, 9.999999717180685e-10, 9.999999717180685e-10, 9.999999717180685e-10, 9.999999717180685e-10, 1.000000304784976e-09, 1.0000054118108892e-09, 1.0000945627197666e-09, 1.0016483198427295e-09, 1.0444182185764816e-09, 2.0030288538919194e-09, 6.173118904939656e-09, 4.416323662326249e-08, 3.193715372162842e-07, 4.5244296416058205e-06, 6.29272690275684e-05, 0.0007263084407895803, 0.004886290989816189, 0.029503025114536285, 0.059522844851017, 0.05838371440768242, 0.0033970235381275415, 0.00020293200213927776, 1.2145201253588311e-05, 7.129703476493887e-07, 4.350515681039724e-08, 3.2724818410656553e-09, 1.1252679898987594e-09, 1.0069136635593168e-09, 1.0003756711896017e-09, 1.0000201777771167e-09, 1.0000010819410932e-09, 1.000000082740371e-09, 9.999999717180685e-10, 9.999999717180685e-10, 9.999999717180685e-10, 9.999999717180685e-10, 9.999999717180685e-10, 9.999999717180685e-10, 9.999999717180685e-10, 9.999999717180685e-10, 9.999999717180685e-10, 9.999999717180685e-10, 9.999999717180685e-10, 9.999999717180685e-10, 9.999999717180685e-10, 9.999999717180685e-10, 9.999999717180685e-10, 9.999999717180685e-10, 9.999999717180685e-10, 9.999999717180685e-10, 9.999999717180685e-10, 9.999999717180685e-10, 9.999999717180685e-10, 9.999999717180685e-10, 9.999999717180685e-10, 9.999999717180685e-10, 9.999999717180685e-10, 9.999999717180685e-10, 9.999999717180685e-10, 9.999999717180685e-10, 9.999999717180685e-10, 9.999999717180685e-10, 9.999999717180685e-10, 9.999999717180685e-10, 9.999999717180685e-10, 9.999999717180685e-10, 9.999999717180685e-10, 9.999999717180685e-10, 9.999999717180685e-10, 9.999999717180685e-10]
[9.999999717180685e-10, 9.999999717180685e-10, 9.999999717180685e-10, 9.999999717180685e-10, 9.999999717180685e-10, 9.999999717180685e-10, 9.999999717180685e-10, 9.999999717180685e-10, 1.000000304784976e-09, 1.0000055228331917e-09, 1.0000962280543035e-09, 1.002593230658988e-09, 1.0585605725310643e-09, 1.3020255984486084e-09, 3.5200273806879068e-09, 1.9587696797884746e-08, 2.650946271387511e-07, 3.674869503811351e-06, 4.240552880219184e-05, 0.00028528060647659004, 0.0017224972834810615, 0.05838371440768242, 0.05746608227491379, 0.0581844188272953, 0.0034758159890770912, 0.00020800763741135597, 1.21956736620632e-05, 7.290310009011591e-07, 3.9923246930584355e-08, 3.1456002247409742e-09, 1.1184175807699148e-09, 1.0064350464134009e-09, 1.0003461392571467e-09, 1.0000184014202773e-09, 1.0000009709187907e-09, 9.999999717180685e-10, 9.999999717180685e-10, 9.999999717180685e-10, 9.999999717180685e-10, 9.999999717180685e-10, 9.999999717180685e-10, 9.999999717180685e-10, 9.999999717180685e-10, 9.999999717180685e-10, 9.999999717180685e-10, 9.999999717180685e-10, 9.999999717180685e-10, 9.999999717180685e-10, 9.999999717180685e-10, 9.999999717180685e-10, 9.999999717180685e-10, 9.999999717180685e-10, 9.999999717180685e-10, 9.999999717180685e-10, 9.999999717180685e-10, 9.999999717180685e-10, 9.999999717180685e-10, 9.999999717180685e-10, 9.999999717180685e-10, 9.999999717180685e-10, 9.999999717180685e-10, 9.999999717180685e-10, 9.999999717180685e-10, 9.999999717180685e-10, 9.999999717180685e-10, 9.999999717180685e-10, 9.999999717180685e-10, 9.999999717180685e-10, 9.999999717180685e-10, 9.999999717180685e-10, 9.999999717180685e-10, 9.999999717180685e-10, 9.999999717180685e-10]
